LR -2.0414177334274024 13.624518196891723 437.946626402538
Lasso 0.0001 -4.3926014839849055 26.182507090067325 776.5035369814588
Lasso 0.001 -4.358548918968382 26.10120834107155 771.6001638586441
Lasso 0.01 -4.031012955060699 25.30186770296095 724.4368725940714
Lasso 0.1 -2.229154378122659 19.76435440689005 464.9796213419627
Lasso 1 -0.9820369787959684 11.742220742598834 285.4019027799203
Lasso 10 -1.988501079353e-07 8.270516059332925 143.9942657908901
Ridge 0.0001 -2.0409029236834866 13.622584247165959 437.87249676618154
Ridge 0.001 -2.036277749903804 13.605181095141619 437.20649839605466
Ridge 0.01 -1.9912530641460684 13.441742630514701 430.72320311710797
Ridge 0.1 -1.644690546787043 12.485898560458258 380.8201978025705
Ridge 1 -1.4692814241128191 15.640845544323025 355.56229499260814
Ridge 10 -3.155464310030233 22.91383447779563 598.3629133585213
SVR 1 0.1 0.0001 linear -5.066761990530177 27.977996767116128 873.57876484324
SVR 1 0.1 0.001 linear -5.066761990530177 27.977996767116128 873.57876484324
SVR 1 0.1 0.01 linear -5.066761990530177 27.977996767116128 873.57876484324
SVR 1 0.1 0.1 linear -5.066761990530177 27.977996767116128 873.57876484324
SVR 1 0.1 0.2 linear -5.066761990530177 27.977996767116128 873.57876484324
SVR 1 0.1 0.5 linear -5.066761990530177 27.977996767116128 873.57876484324
SVR 1 0.1 0.6 linear -5.066761990530177 27.977996767116128 873.57876484324
SVR 1 0.1 0.9 linear -5.066761990530177 27.977996767116128 873.57876484324
SVR 1 0.2 0.0001 linear -5.045258094444905 27.922580581090525 870.4823277305245
SVR 1 0.2 0.001 linear -5.045258094444905 27.922580581090525 870.4823277305245
SVR 1 0.2 0.01 linear -5.045258094444905 27.922580581090525 870.4823277305245
SVR 1 0.2 0.1 linear -5.045258094444905 27.922580581090525 870.4823277305245
SVR 1 0.2 0.2 linear -5.045258094444905 27.922580581090525 870.4823277305245
SVR 1 0.2 0.5 linear -5.045258094444905 27.922580581090525 870.4823277305245
SVR 1 0.2 0.6 linear -5.045258094444905 27.922580581090525 870.4823277305245
SVR 1 0.2 0.9 linear -5.045258094444905 27.922580581090525 870.4823277305245
SVR 1 0.3 0.0001 linear -5.041988726748531 27.908569118689265 870.0115576230974
SVR 1 0.3 0.001 linear -5.041988726748531 27.908569118689265 870.0115576230974
SVR 1 0.3 0.01 linear -5.041988726748531 27.908569118689265 870.0115576230974
SVR 1 0.3 0.1 linear -5.041988726748531 27.908569118689265 870.0115576230974
SVR 1 0.3 0.2 linear -5.041988726748531 27.908569118689265 870.0115576230974
SVR 1 0.3 0.5 linear -5.041988726748531 27.908569118689265 870.0115576230974
SVR 1 0.3 0.6 linear -5.041988726748531 27.908569118689265 870.0115576230974
SVR 1 0.3 0.9 linear -5.041988726748531 27.908569118689265 870.0115576230974
SVR 1 0.4 0.0001 linear -5.030160943428541 27.875299707634113 868.3084249866698
SVR 1 0.4 0.001 linear -5.030160943428541 27.875299707634113 868.3084249866698
SVR 1 0.4 0.01 linear -5.030160943428541 27.875299707634113 868.3084249866698
SVR 1 0.4 0.1 linear -5.030160943428541 27.875299707634113 868.3084249866698
SVR 1 0.4 0.2 linear -5.030160943428541 27.875299707634113 868.3084249866698
SVR 1 0.4 0.5 linear -5.030160943428541 27.875299707634113 868.3084249866698
SVR 1 0.4 0.6 linear -5.030160943428541 27.875299707634113 868.3084249866698
SVR 1 0.4 0.9 linear -5.030160943428541 27.875299707634113 868.3084249866698
SVR 10 0.1 0.0001 linear -3.3958118205559806 23.909920249927847 632.9715697894094
SVR 10 0.1 0.001 linear -3.3958118205559806 23.909920249927847 632.9715697894094
SVR 10 0.1 0.01 linear -3.3958118205559806 23.909920249927847 632.9715697894094
SVR 10 0.1 0.1 linear -3.3958118205559806 23.909920249927847 632.9715697894094
SVR 10 0.1 0.2 linear -3.3958118205559806 23.909920249927847 632.9715697894094
SVR 10 0.1 0.5 linear -3.3958118205559806 23.909920249927847 632.9715697894094
SVR 10 0.1 0.6 linear -3.3958118205559806 23.909920249927847 632.9715697894094
SVR 10 0.1 0.9 linear -3.3958118205559806 23.909920249927847 632.9715697894094
SVR 10 0.2 0.0001 linear -3.3929255956235824 23.895931993867794 632.5559700320033
SVR 10 0.2 0.001 linear -3.3929255956235824 23.895931993867794 632.5559700320033
SVR 10 0.2 0.01 linear -3.3929255956235824 23.895931993867794 632.5559700320033
SVR 10 0.2 0.1 linear -3.3929255956235824 23.895931993867794 632.5559700320033
SVR 10 0.2 0.2 linear -3.3929255956235824 23.895931993867794 632.5559700320033
SVR 10 0.2 0.5 linear -3.3929255956235824 23.895931993867794 632.5559700320033
SVR 10 0.2 0.6 linear -3.3929255956235824 23.895931993867794 632.5559700320033
SVR 10 0.2 0.9 linear -3.3929255956235824 23.895931993867794 632.5559700320033
SVR 10 0.3 0.0001 linear -3.3853521385288587 23.873477636299707 631.4654358550027
SVR 10 0.3 0.001 linear -3.3853521385288587 23.873477636299707 631.4654358550027
SVR 10 0.3 0.01 linear -3.3853521385288587 23.873477636299707 631.4654358550027
SVR 10 0.3 0.1 linear -3.3853521385288587 23.873477636299707 631.4654358550027
SVR 10 0.3 0.2 linear -3.3853521385288587 23.873477636299707 631.4654358550027
SVR 10 0.3 0.5 linear -3.3853521385288587 23.873477636299707 631.4654358550027
SVR 10 0.3 0.6 linear -3.3853521385288587 23.873477636299707 631.4654358550027
SVR 10 0.3 0.9 linear -3.3853521385288587 23.873477636299707 631.4654358550027
SVR 10 0.4 0.0001 linear -3.37988105294329 23.857160518674515 630.6776310596846
SVR 10 0.4 0.001 linear -3.37988105294329 23.857160518674515 630.6776310596846
SVR 10 0.4 0.01 linear -3.37988105294329 23.857160518674515 630.6776310596846
SVR 10 0.4 0.1 linear -3.37988105294329 23.857160518674515 630.6776310596846
SVR 10 0.4 0.2 linear -3.37988105294329 23.857160518674515 630.6776310596846
SVR 10 0.4 0.5 linear -3.37988105294329 23.857160518674515 630.6776310596846
SVR 10 0.4 0.6 linear -3.37988105294329 23.857160518674515 630.6776310596846
SVR 10 0.4 0.9 linear -3.37988105294329 23.857160518674515 630.6776310596846
SVR 100 0.1 0.0001 linear -1.2752692270372656 13.027024643195979 327.6256566754399
SVR 100 0.1 0.001 linear -1.2752692270372656 13.027024643195979 327.6256566754399
SVR 100 0.1 0.01 linear -1.2752692270372656 13.027024643195979 327.6256566754399
SVR 100 0.1 0.1 linear -1.2752692270372656 13.027024643195979 327.6256566754399
SVR 100 0.1 0.2 linear -1.2752692270372656 13.027024643195979 327.6256566754399
SVR 100 0.1 0.5 linear -1.2752692270372656 13.027024643195979 327.6256566754399
SVR 100 0.1 0.6 linear -1.2752692270372656 13.027024643195979 327.6256566754399
SVR 100 0.1 0.9 linear -1.2752692270372656 13.027024643195979 327.6256566754399
SVR 100 0.2 0.0001 linear -1.2684059969510573 13.023662899222742 326.6373910947391
SVR 100 0.2 0.001 linear -1.2684059969510573 13.023662899222742 326.6373910947391
SVR 100 0.2 0.01 linear -1.2684059969510573 13.023662899222742 326.6373910947391
SVR 100 0.2 0.1 linear -1.2684059969510573 13.023662899222742 326.6373910947391
SVR 100 0.2 0.2 linear -1.2684059969510573 13.023662899222742 326.6373910947391
SVR 100 0.2 0.5 linear -1.2684059969510573 13.023662899222742 326.6373910947391
SVR 100 0.2 0.6 linear -1.2684059969510573 13.023662899222742 326.6373910947391
SVR 100 0.2 0.9 linear -1.2684059969510573 13.023662899222742 326.6373910947391
SVR 100 0.3 0.0001 linear -1.2675059181357935 13.052822620914352 326.50778493235345
SVR 100 0.3 0.001 linear -1.2675059181357935 13.052822620914352 326.50778493235345
SVR 100 0.3 0.01 linear -1.2675059181357935 13.052822620914352 326.50778493235345
SVR 100 0.3 0.1 linear -1.2675059181357935 13.052822620914352 326.50778493235345
SVR 100 0.3 0.2 linear -1.2675059181357935 13.052822620914352 326.50778493235345
SVR 100 0.3 0.5 linear -1.2675059181357935 13.052822620914352 326.50778493235345
SVR 100 0.3 0.6 linear -1.2675059181357935 13.052822620914352 326.50778493235345
SVR 100 0.3 0.9 linear -1.2675059181357935 13.052822620914352 326.50778493235345
SVR 100 0.4 0.0001 linear -1.2684807574159862 13.0324965489008 326.6481561708561
SVR 100 0.4 0.001 linear -1.2684807574159862 13.0324965489008 326.6481561708561
SVR 100 0.4 0.01 linear -1.2684807574159862 13.0324965489008 326.6481561708561
SVR 100 0.4 0.1 linear -1.2684807574159862 13.0324965489008 326.6481561708561
SVR 100 0.4 0.2 linear -1.2684807574159862 13.0324965489008