LR -1.123980892778015e+29 6401752419714505.0 4.098243404332051e+31
Lasso 0.0001 -438280.9138827395 12641.41988209515 159805738.18906632
Lasso 0.001 -415027.0511818831 12301.492016573304 151326947.30824578
Lasso 0.01 -217365.69421484522 8902.567010852144 79255939.90176374
Lasso 0.1 -44202.699021303364 4014.6303516139174 16117490.886645708
Lasso 1 -30.36632423998138 105.85054144529532 11436.745256134178
Lasso 10 -2.0179588656600576 27.727403147270138 1100.4039388220722
Ridge 0.0001 -399300.0193939981 12066.164968791101 145592578.98325416
Ridge 0.001 -399273.01913556084 12065.757011383785 145582734.18680197
Ridge 0.01 -398996.3239323756 12061.575520685648 145481845.96897277
Ridge 0.1 -396241.35939685674 12019.86242599221 144477334.65482107
Ridge 1 -369909.13565225893 11613.607290029899 134876116.07752207
Ridge 10 -193963.2555067787 8409.681009705215 70722975.4450841
SVR 1 0.1 0.0001 linear -795982.7182159581 17036.1440962244 290230469.58312666
SVR 1 0.1 0.001 linear -795982.7182159581 17036.1440962244 290230469.58312666
SVR 1 0.1 0.01 linear -795982.7182159581 17036.1440962244 290230469.58312666
SVR 1 0.1 0.1 linear -795982.7182159581 17036.1440962244 290230469.58312666
SVR 1 0.1 0.2 linear -795982.7182159581 17036.1440962244 290230469.58312666
SVR 1 0.1 0.5 linear -795982.7182159581 17036.1440962244 290230469.58312666
SVR 1 0.1 0.6 linear -795982.7182159581 17036.1440962244 290230469.58312666
SVR 1 0.1 0.9 linear -795982.7182159581 17036.1440962244 290230469.58312666
SVR 1 0.2 0.0001 linear -773284.9906453022 16791.491657724044 281954455.9153269
SVR 1 0.2 0.001 linear -773284.9906453022 16791.491657724044 281954455.9153269
SVR 1 0.2 0.01 linear -773284.9906453022 16791.491657724044 281954455.9153269
SVR 1 0.2 0.1 linear -773284.9906453022 16791.491657724044 281954455.9153269
SVR 1 0.2 0.2 linear -773284.9906453022 16791.491657724044 281954455.9153269
SVR 1 0.2 0.5 linear -773284.9906453022 16791.491657724044 281954455.9153269
SVR 1 0.2 0.6 linear -773284.9906453022 16791.491657724044 281954455.9153269
SVR 1 0.2 0.9 linear -773284.9906453022 16791.491657724044 281954455.9153269
SVR 1 0.3 0.0001 linear -758820.7595180683 16633.70871239407 276680528.2002916
SVR 1 0.3 0.001 linear -758820.7595180683 16633.70871239407 276680528.2002916
SVR 1 0.3 0.01 linear -758820.7595180683 16633.70871239407 276680528.2002916
SVR 1 0.3 0.1 linear -758820.7595180683 16633.70871239407 276680528.2002916
SVR 1 0.3 0.2 linear -758820.7595180683 16633.70871239407 276680528.2002916
SVR 1 0.3 0.5 linear -758820.7595180683 16633.70871239407 276680528.2002916
SVR 1 0.3 0.6 linear -758820.7595180683 16633.70871239407 276680528.2002916
SVR 1 0.3 0.9 linear -758820.7595180683 16633.70871239407 276680528.2002916
SVR 1 0.4 0.0001 linear -764288.3461221564 16693.527156830987 278674111.97754216
SVR 1 0.4 0.001 linear -764288.3461221564 16693.527156830987 278674111.97754216
SVR 1 0.4 0.01 linear -764288.3461221564 16693.527156830987 278674111.97754216
SVR 1 0.4 0.1 linear -764288.3461221564 16693.527156830987 278674111.97754216
SVR 1 0.4 0.2 linear -764288.3461221564 16693.527156830987 278674111.97754216
SVR 1 0.4 0.5 linear -764288.3461221564 16693.527156830987 278674111.97754216
SVR 1 0.4 0.6 linear -764288.3461221564 16693.527156830987 278674111.97754216
SVR 1 0.4 0.9 linear -764288.3461221564 16693.527156830987 278674111.97754216
SVR 10 0.1 0.0001 linear -2064342.4859941914 27435.337942982074 752698033.401748
SVR 10 0.1 0.001 linear -2064342.4859941914 27435.337942982074 752698033.401748
SVR 10 0.1 0.01 linear -2064342.4859941914 27435.337942982074 752698033.401748
SVR 10 0.1 0.1 linear -2064342.4859941914 27435.337942982074 752698033.401748
SVR 10 0.1 0.2 linear -2064342.4859941914 27435.337942982074 752698033.401748
SVR 10 0.1 0.5 linear -2064342.4859941914 27435.337942982074 752698033.401748
SVR 10 0.1 0.6 linear -2064342.4859941914 27435.337942982074 752698033.401748
SVR 10 0.1 0.9 linear -2064342.4859941914 27435.337942982074 752698033.401748
SVR 10 0.2 0.0001 linear -2061640.6367685662 27417.37812420153 751712888.9175699
SVR 10 0.2 0.001 linear -2061640.6367685662 27417.37812420153 751712888.9175699
SVR 10 0.2 0.01 linear -2061640.6367685662 27417.37812420153 751712888.9175699
SVR 10 0.2 0.1 linear -2061640.6367685662 27417.37812420153 751712888.9175699
SVR 10 0.2 0.2 linear -2061640.6367685662 27417.37812420153 751712888.9175699
SVR 10 0.2 0.5 linear -2061640.6367685662 27417.37812420153 751712888.9175699
SVR 10 0.2 0.6 linear -2061640.6367685662 27417.37812420153 751712888.9175699
SVR 10 0.2 0.9 linear -2061640.6367685662 27417.37812420153 751712888.9175699
SVR 10 0.3 0.0001 linear -2081209.171972315 27547.189963248333 758847940.8429625
SVR 10 0.3 0.001 linear -2081209.171972315 27547.189963248333 758847940.8429625
SVR 10 0.3 0.01 linear -2081209.171972315 27547.189963248333 758847940.8429625
SVR 10 0.3 0.1 linear -2081209.171972315 27547.189963248333 758847940.8429625
SVR 10 0.3 0.2 linear -2081209.171972315 27547.189963248333 758847940.8429625
SVR 10 0.3 0.5 linear -2081209.171972315 27547.189963248333 758847940.8429625
SVR 10 0.3 0.6 linear -2081209.171972315 27547.189963248333 758847940.8429625
SVR 10 0.3 0.9 linear -2081209.171972315 27547.189963248333 758847940.8429625
SVR 10 0.4 0.0001 linear -2067335.3637285917 27455.21856186765 753789292.293584
SVR 10 0.4 0.001 linear -2067335.3637285917 27455.21856186765 753789292.293584
SVR 10 0.4 0.01 linear -2067335.3637285917 27455.21856186765 753789292.293584
SVR 10 0.4 0.1 linear -2067335.3637285917 27455.21856186765 753789292.293584
SVR 10 0.4 0.2 linear -2067335.3637285917 27455.21856186765 753789292.293584
SVR 10 0.4 0.5 linear -2067335.3637285917 27455.21856186765 753789292.293584
SVR 10 0.4 0.6 linear -2067335.3637285917 27455.21856186765 753789292.293584
SVR 10 0.4 0.9 linear -2067335.3637285917 27455.21856186765 753789292.293584
SVR 100 0.1 0.0001 linear -2222437.6697531445 28466.51035708627 810342478.0947019
SVR 100 0.1 0.001 linear -2222437.6697531445 28466.51035708627 810342478.0947019
SVR 100 0.1 0.01 linear -2222437.6697531445 28466.51035708627 810342478.0947019
SVR 100 0.1 0.1 linear -2222437.6697531445 28466.51035708627 810342478.0947019
SVR 100 0.1 0.2 linear -2222437.6697531445 28466.51035708627 810342478.0947019
SVR 100 0.1 0.5 linear -2222437.6697531445 28466.51035708627 810342478.0947019
SVR 100 0.1 0.6 linear -2222437.6697531445 28466.51035708627 810342478.0947019
SVR 100 0.1 0.9 linear -2222437.6697531445 28466.51035708627 810342478.0947019
SVR 100 0.2 0.0001 linear -2229612.3240692923 28512.422281482013 812958490.512568
SVR 100 0.2 0.001 linear -2229612.3240692923 28512.422281482013 812958490.512568
SVR 100 0.2 0.01 linear -2229612.3240692923 28512.422281482013 812958490.512568
SVR 100 0.2 0.1 linear -2229612.3240692923 28512.422281482013 812958490.512568
SVR 100 0.2 0.2 linear -2229612.3240692923 28512.422281482013 812958490.512568
SVR 100 0.2 0.5 linear -2229612.3240692923 28512.422281482013 812958490.512568
SVR 100 0.2 0.6 linear -2229612.3240692923 28512.422281482013 812958490.512568
SVR 100 0.2 0.9 linear -2229612.3240692923 28512.422281482013 812958490.512568
SVR 100 0.3 0.0001 linear -2218574.635283332 28441.759400306564 808933943.8715366
SVR 100 0.3 0.001 linear -2218574.635283332 28441.759400306564 808933943.8715366
SVR 100 0.3 0.01 linear -2218574.635283332 28441.759400306564 808933943.8715366
SVR 100 0.3 0.1 linear -2218574.635283332 28441.759400306564 808933943.8715366
SVR 100 0.3 0.2 linear -2218574.635283332 28441.759400306564 808933943.8715366
SVR 100 0.3 0.5 linear -2218574.635283332 28441.759400306564 808933943.8715366
SVR 100 0.3 0.6 linear -2218574.635283332 28441.759400306564 808933943.8715366
SVR 100 0.3 0.9 linear -2218574.635283332 28441.759400306564 808933943.8715366
SVR 100 0.4 0.0001 linear -2230966.1161743556 28521.07715475879 813452108.2956693
SVR 100 0.4 0.001 linear -2230966.1161743556 28521.07715475879 813452108.2956693
SVR 100 0.4 0.01 linear -2230966.1161743556 28521.07715475879 813452108.2956693
SVR 100 0.4 0.1 linear -2230966.1161743556 28521.07715475879 813452108.2956693
SVR 100 0.4 0.2 linear -2230966.1161743556 28521.07715475879 813452108.2956693
SVR 100 0.4