LR -0.06709145605071676 20.68140361283462 784.0593647571192
Lasso 0.0001 -1.4127569307439867 37.88967037594244 1772.8046229830893
Lasso 0.001 -1.384309726400455 37.63602668513703 1751.9026685721212
Lasso 0.01 -1.0982072138298173 35.061899256711065 1541.6851160000497
Lasso 0.1 0.4043011458830984 18.418916795194168 437.6975023996847
Lasso 1 0.3937789549724524 18.366488548500296 445.4288194058084
Lasso 10 -0.02748322687804272 24.58605579201297 754.9567017864906
Ridge 0.0001 -0.06683733432650629 20.67826658512909 783.8726455059006
Ridge 0.001 -0.06454500809440655 20.65015113897972 782.1883289094505
Ridge 0.01 -0.04209600432669558 20.376130417846966 765.6936306024434
Ridge 0.1 0.14153801648648912 18.310513146334724 630.7661387832809
Ridge 1 0.4093868938869115 18.274089625626548 433.9606827235697
Ridge 10 -0.46739003282981684 28.940308767074107 1078.1839648960624
SVR 1 0.1 0.0001 linear -1.9173839283235963 42.40450537362909 2143.585890997249
SVR 1 0.1 0.001 linear -1.9173839283235963 42.40450537362909 2143.585890997249
SVR 1 0.1 0.01 linear -1.9173839283235963 42.40450537362909 2143.585890997249
SVR 1 0.1 0.1 linear -1.9173839283235963 42.40450537362909 2143.585890997249
SVR 1 0.1 0.2 linear -1.9173839283235963 42.40450537362909 2143.585890997249
SVR 1 0.1 0.5 linear -1.9173839283235963 42.40450537362909 2143.585890997249
SVR 1 0.1 0.6 linear -1.9173839283235963 42.40450537362909 2143.585890997249
SVR 1 0.1 0.9 linear -1.9173839283235963 42.40450537362909 2143.585890997249
SVR 1 0.2 0.0001 linear -1.928296193819441 42.50250082316394 2151.6038203923526
SVR 1 0.2 0.001 linear -1.928296193819441 42.50250082316394 2151.6038203923526
SVR 1 0.2 0.01 linear -1.928296193819441 42.50250082316394 2151.6038203923526
SVR 1 0.2 0.1 linear -1.928296193819441 42.50250082316394 2151.6038203923526
SVR 1 0.2 0.2 linear -1.928296193819441 42.50250082316394 2151.6038203923526
SVR 1 0.2 0.5 linear -1.928296193819441 42.50250082316394 2151.6038203923526
SVR 1 0.2 0.6 linear -1.928296193819441 42.50250082316394 2151.6038203923526
SVR 1 0.2 0.9 linear -1.928296193819441 42.50250082316394 2151.6038203923526
SVR 1 0.3 0.0001 linear -1.922114781803812 42.45667230673729 2147.0619472934777
SVR 1 0.3 0.001 linear -1.922114781803812 42.45667230673729 2147.0619472934777
SVR 1 0.3 0.01 linear -1.922114781803812 42.45667230673729 2147.0619472934777
SVR 1 0.3 0.1 linear -1.922114781803812 42.45667230673729 2147.0619472934777
SVR 1 0.3 0.2 linear -1.922114781803812 42.45667230673729 2147.0619472934777
SVR 1 0.3 0.5 linear -1.922114781803812 42.45667230673729 2147.0619472934777
SVR 1 0.3 0.6 linear -1.922114781803812 42.45667230673729 2147.0619472934777
SVR 1 0.3 0.9 linear -1.922114781803812 42.45667230673729 2147.0619472934777
SVR 1 0.4 0.0001 linear -1.9124148280609772 42.370316266585185 2139.9347797703417
SVR 1 0.4 0.001 linear -1.9124148280609772 42.370316266585185 2139.9347797703417
SVR 1 0.4 0.01 linear -1.9124148280609772 42.370316266585185 2139.9347797703417
SVR 1 0.4 0.1 linear -1.9124148280609772 42.370316266585185 2139.9347797703417
SVR 1 0.4 0.2 linear -1.9124148280609772 42.370316266585185 2139.9347797703417
SVR 1 0.4 0.5 linear -1.9124148280609772 42.370316266585185 2139.9347797703417
SVR 1 0.4 0.6 linear -1.9124148280609772 42.370316266585185 2139.9347797703417
SVR 1 0.4 0.9 linear -1.9124148280609772 42.370316266585185 2139.9347797703417
SVR 10 0.1 0.0001 linear -0.8325776513191374 32.64652700933276 1346.510330500749
SVR 10 0.1 0.001 linear -0.8325776513191374 32.64652700933276 1346.510330500749
SVR 10 0.1 0.01 linear -0.8325776513191374 32.64652700933276 1346.510330500749
SVR 10 0.1 0.1 linear -0.8325776513191374 32.64652700933276 1346.510330500749
SVR 10 0.1 0.2 linear -0.8325776513191374 32.64652700933276 1346.510330500749
SVR 10 0.1 0.5 linear -0.8325776513191374 32.64652700933276 1346.510330500749
SVR 10 0.1 0.6 linear -0.8325776513191374 32.64652700933276 1346.510330500749
SVR 10 0.1 0.9 linear -0.8325776513191374 32.64652700933276 1346.510330500749
SVR 10 0.2 0.0001 linear -0.8177938611317714 32.4971246866112 1335.6477478446118
SVR 10 0.2 0.001 linear -0.8177938611317714 32.4971246866112 1335.6477478446118
SVR 10 0.2 0.01 linear -0.8177938611317714 32.4971246866112 1335.6477478446118
SVR 10 0.2 0.1 linear -0.8177938611317714 32.4971246866112 1335.6477478446118
SVR 10 0.2 0.2 linear -0.8177938611317714 32.4971246866112 1335.6477478446118
SVR 10 0.2 0.5 linear -0.8177938611317714 32.4971246866112 1335.6477478446118
SVR 10 0.2 0.6 linear -0.8177938611317714 32.4971246866112 1335.6477478446118
SVR 10 0.2 0.9 linear -0.8177938611317714 32.4971246866112 1335.6477478446118
SVR 10 0.3 0.0001 linear -0.8140355250920062 32.461695691571656 1332.8862614217066
SVR 10 0.3 0.001 linear -0.8140355250920062 32.461695691571656 1332.8862614217066
SVR 10 0.3 0.01 linear -0.8140355250920062 32.461695691571656 1332.8862614217066
SVR 10 0.3 0.1 linear -0.8140355250920062 32.461695691571656 1332.8862614217066
SVR 10 0.3 0.2 linear -0.8140355250920062 32.461695691571656 1332.8862614217066
SVR 10 0.3 0.5 linear -0.8140355250920062 32.461695691571656 1332.8862614217066
SVR 10 0.3 0.6 linear -0.8140355250920062 32.461695691571656 1332.8862614217066
SVR 10 0.3 0.9 linear -0.8140355250920062 32.461695691571656 1332.8862614217066
SVR 10 0.4 0.0001 linear -0.815267626194196 32.47565122826719 1333.7915637760848
SVR 10 0.4 0.001 linear -0.815267626194196 32.47565122826719 1333.7915637760848
SVR 10 0.4 0.01 linear -0.815267626194196 32.47565122826719 1333.7915637760848
SVR 10 0.4 0.1 linear -0.815267626194196 32.47565122826719 1333.7915637760848
SVR 10 0.4 0.2 linear -0.815267626194196 32.47565122826719 1333.7915637760848
SVR 10 0.4 0.5 linear -0.815267626194196 32.47565122826719 1333.7915637760848
SVR 10 0.4 0.6 linear -0.815267626194196 32.47565122826719 1333.7915637760848
SVR 10 0.4 0.9 linear -0.815267626194196 32.47565122826719 1333.7915637760848
SVR 100 0.1 0.0001 linear 0.454481737414142 17.026438812645363 400.826658297362
SVR 100 0.1 0.001 linear 0.454481737414142 17.026438812645363 400.826658297362
SVR 100 0.1 0.01 linear 0.454481737414142 17.026438812645363 400.826658297362
SVR 100 0.1 0.1 linear 0.454481737414142 17.026438812645363 400.826658297362
SVR 100 0.1 0.2 linear 0.454481737414142 17.026438812645363 400.826658297362
SVR 100 0.1 0.5 linear 0.454481737414142 17.026438812645363 400.826658297362
SVR 100 0.1 0.6 linear 0.454481737414142 17.026438812645363 400.826658297362
SVR 100 0.1 0.9 linear 0.454481737414142 17.026438812645363 400.826658297362
SVR 100 0.2 0.0001 linear 0.4547097152947579 17.031868722927904 400.6591485762028
SVR 100 0.2 0.001 linear 0.4547097152947579 17.031868722927904 400.6591485762028
SVR 100 0.2 0.01 linear 0.4547097152947579 17.031868722927904 400.6591485762028
SVR 100 0.2 0.1 linear 0.4547097152947579 17.031868722927904 400.6591485762028
SVR 100 0.2 0.2 linear 0.4547097152947579 17.031868722927904 400.6591485762028
SVR 100 0.2 0.5 linear 0.4547097152947579 17.031868722927904 400.6591485762028
SVR 100 0.2 0.6 linear 0.4547097152947579 17.031868722927904 400.6591485762028
SVR 100 0.2 0.9 linear 0.4547097152947579 17.031868722927904 400.6591485762028
SVR 100 0.3 0.0001 linear 0.4546317158131503 17.00237936817416 400.71645971261376
SVR 100 0.3 0.001 linear 0.4546317158131503 17.00237936817416 400.71645971261376
SVR 100 0.3 0.01 linear 0.4546317158131503 17.00237936817416 400.71645971261376
SVR 100 0.3 0.1 linear 0.4546317158131503 17.00237936817416 400.71645971261376
SVR 100 0.3 0.2 linear 0.4546317158131503 17.00237936817416 400.71645971261376
SVR 100 0.3 0.5 linear 0.4546317158131503 17.00237936817416 400.71645971261376
SVR 100 0.3 0.6 linear 0.4546317158131503 17.00237936817416 400.71645971261376
SVR 100 0.3 0.9 linear 0.4546317158131503 17.00237936817416 400.71645971261376
SVR 100 0.4 0.0001 linear 0.4541014948417278 17.012200257598657 401.10604648671557
SVR 100 0.4 0.001 linear 0.4541014948417278 17.012200257598657 401.10604648671557
SVR 100 0.4 0.01 linear 0.4541014948417278 17.012200257598657 401.10604648671557
SVR 100 0.4 0.1 linear 0.4541014948417278 17.012200257598657 401.10604648671557
SVR 100 0.4 0.2 linear 0.4541014948417278 17.012200257598657