LR -8.458703098787973e+19 156817710971.62997 2.459179447438167e+22
Lasso 0.0001 -276.58522035552096 283.8507564165531 80701.71760830624
Lasso 0.001 -275.62575875087305 283.35898394630124 80422.77552567252
Lasso 0.01 -265.9311704596429 278.34127375819594 77604.28999677577
Lasso 0.1 -174.8722775679529 225.83414944787495 51130.94588119808
Lasso 1 -6.555200557721121 45.29169254220747 2196.5062156494632
Lasso 10 -0.26935743140680435 13.6984237195814 369.0373891023317
Ridge 0.0001 -293.68623556064586 292.47743765213573 85673.45673091436
Ridge 0.001 -293.6263254909313 292.4476597025534 85656.03921307316
Ridge 0.01 -293.0304788895757 292.1513324430692 85482.81009050358
Ridge 0.1 -287.51362092139647 289.39327070056015 83878.90656400129
Ridge 1 -256.4448498693226 273.3417857047586 74846.35366125552
Ridge 10 -206.02171644361252 245.0635993155026 60186.95115619464
SVR 1 0.1 0.0001 linear -328.6368414705165 309.35777471632906 95834.5666227346
SVR 1 0.1 0.001 linear -328.6368414705165 309.35777471632906 95834.5666227346
SVR 1 0.1 0.01 linear -328.6368414705165 309.35777471632906 95834.5666227346
SVR 1 0.1 0.1 linear -328.6368414705165 309.35777471632906 95834.5666227346
SVR 1 0.1 0.2 linear -328.6368414705165 309.35777471632906 95834.5666227346
SVR 1 0.1 0.5 linear -328.6368414705165 309.35777471632906 95834.5666227346
SVR 1 0.1 0.6 linear -328.6368414705165 309.35777471632906 95834.5666227346
SVR 1 0.1 0.9 linear -328.6368414705165 309.35777471632906 95834.5666227346
SVR 1 0.2 0.0001 linear -328.31144166018606 309.2045122472329 95739.96387850544
SVR 1 0.2 0.001 linear -328.31144166018606 309.2045122472329 95739.96387850544
SVR 1 0.2 0.01 linear -328.31144166018606 309.2045122472329 95739.96387850544
SVR 1 0.2 0.1 linear -328.31144166018606 309.2045122472329 95739.96387850544
SVR 1 0.2 0.2 linear -328.31144166018606 309.2045122472329 95739.96387850544
SVR 1 0.2 0.5 linear -328.31144166018606 309.2045122472329 95739.96387850544
SVR 1 0.2 0.6 linear -328.31144166018606 309.2045122472329 95739.96387850544
SVR 1 0.2 0.9 linear -328.31144166018606 309.2045122472329 95739.96387850544
SVR 1 0.3 0.0001 linear -327.81394832823025 308.9699310052989 95595.3287774864
SVR 1 0.3 0.001 linear -327.81394832823025 308.9699310052989 95595.3287774864
SVR 1 0.3 0.01 linear -327.81394832823025 308.9699310052989 95595.3287774864
SVR 1 0.3 0.1 linear -327.81394832823025 308.9699310052989 95595.3287774864
SVR 1 0.3 0.2 linear -327.81394832823025 308.9699310052989 95595.3287774864
SVR 1 0.3 0.5 linear -327.81394832823025 308.9699310052989 95595.3287774864
SVR 1 0.3 0.6 linear -327.81394832823025 308.9699310052989 95595.3287774864
SVR 1 0.3 0.9 linear -327.81394832823025 308.9699310052989 95595.3287774864
SVR 1 0.4 0.0001 linear -327.6573494290139 308.8951889824316 95549.8011369076
SVR 1 0.4 0.001 linear -327.6573494290139 308.8951889824316 95549.8011369076
SVR 1 0.4 0.01 linear -327.6573494290139 308.8951889824316 95549.8011369076
SVR 1 0.4 0.1 linear -327.6573494290139 308.8951889824316 95549.8011369076
SVR 1 0.4 0.2 linear -327.6573494290139 308.8951889824316 95549.8011369076
SVR 1 0.4 0.5 linear -327.6573494290139 308.8951889824316 95549.8011369076
SVR 1 0.4 0.6 linear -327.6573494290139 308.8951889824316 95549.8011369076
SVR 1 0.4 0.9 linear -327.6573494290139 308.8951889824316 95549.8011369076
SVR 10 0.1 0.0001 linear -275.4960082420525 283.2855391777076 80385.05345636004
SVR 10 0.1 0.001 linear -275.4960082420525 283.2855391777076 80385.05345636004
SVR 10 0.1 0.01 linear -275.4960082420525 283.2855391777076 80385.05345636004
SVR 10 0.1 0.1 linear -275.4960082420525 283.2855391777076 80385.05345636004
SVR 10 0.1 0.2 linear -275.4960082420525 283.2855391777076 80385.05345636004
SVR 10 0.1 0.5 linear -275.4960082420525 283.2855391777076 80385.05345636004
SVR 10 0.1 0.6 linear -275.4960082420525 283.2855391777076 80385.05345636004
SVR 10 0.1 0.9 linear -275.4960082420525 283.2855391777076 80385.05345636004
SVR 10 0.2 0.0001 linear -277.92956862389525 284.5301364051437 81092.55691229585
SVR 10 0.2 0.001 linear -277.92956862389525 284.5301364051437 81092.55691229585
SVR 10 0.2 0.01 linear -277.92956862389525 284.5301364051437 81092.55691229585
SVR 10 0.2 0.1 linear -277.92956862389525 284.5301364051437 81092.55691229585
SVR 10 0.2 0.2 linear -277.92956862389525 284.5301364051437 81092.55691229585
SVR 10 0.2 0.5 linear -277.92956862389525 284.5301364051437 81092.55691229585
SVR 10 0.2 0.6 linear -277.92956862389525 284.5301364051437 81092.55691229585
SVR 10 0.2 0.9 linear -277.92956862389525 284.5301364051437 81092.55691229585
SVR 10 0.3 0.0001 linear -278.29173976249473 284.71486668858574 81197.85010087304
SVR 10 0.3 0.001 linear -278.29173976249473 284.71486668858574 81197.85010087304
SVR 10 0.3 0.01 linear -278.29173976249473 284.71486668858574 81197.85010087304
SVR 10 0.3 0.1 linear -278.29173976249473 284.71486668858574 81197.85010087304
SVR 10 0.3 0.2 linear -278.29173976249473 284.71486668858574 81197.85010087304
SVR 10 0.3 0.5 linear -278.29173976249473 284.71486668858574 81197.85010087304
SVR 10 0.3 0.6 linear -278.29173976249473 284.71486668858574 81197.85010087304
SVR 10 0.3 0.9 linear -278.29173976249473 284.71486668858574 81197.85010087304
SVR 10 0.4 0.0001 linear -278.4316548099811 284.78547420043395 81238.52728331431
SVR 10 0.4 0.001 linear -278.4316548099811 284.78547420043395 81238.52728331431
SVR 10 0.4 0.01 linear -278.4316548099811 284.78547420043395 81238.52728331431
SVR 10 0.4 0.1 linear -278.4316548099811 284.78547420043395 81238.52728331431
SVR 10 0.4 0.2 linear -278.4316548099811 284.78547420043395 81238.52728331431
SVR 10 0.4 0.5 linear -278.4316548099811 284.78547420043395 81238.52728331431
SVR 10 0.4 0.6 linear -278.4316548099811 284.78547420043395 81238.52728331431
SVR 10 0.4 0.9 linear -278.4316548099811 284.78547420043395 81238.52728331431
SVR 100 0.1 0.0001 linear -193.09554914649962 237.25899652302704 56428.95603803495
SVR 100 0.1 0.001 linear -193.09554914649962 237.25899652302704 56428.95603803495
SVR 100 0.1 0.01 linear -193.09554914649962 237.25899652302704 56428.95603803495
SVR 100 0.1 0.1 linear -193.09554914649962 237.25899652302704 56428.95603803495
SVR 100 0.1 0.2 linear -193.09554914649962 237.25899652302704 56428.95603803495
SVR 100 0.1 0.5 linear -193.09554914649962 237.25899652302704 56428.95603803495
SVR 100 0.1 0.6 linear -193.09554914649962 237.25899652302704 56428.95603803495
SVR 100 0.1 0.9 linear -193.09554914649962 237.25899652302704 56428.95603803495
SVR 100 0.2 0.0001 linear -195.263953512876 238.58470552561562 57059.371290733914
SVR 100 0.2 0.001 linear -195.263953512876 238.58470552561562 57059.371290733914
SVR 100 0.2 0.01 linear -195.263953512876 238.58470552561562 57059.371290733914
SVR 100 0.2 0.1 linear -195.263953512876 238.58470552561562 57059.371290733914
SVR 100 0.2 0.2 linear -195.263953512876 238.58470552561562 57059.371290733914
SVR 100 0.2 0.5 linear -195.263953512876 238.58470552561562 57059.371290733914
SVR 100 0.2 0.6 linear -195.263953512876 238.58470552561562 57059.371290733914
SVR 100 0.2 0.9 linear -195.263953512876 238.58470552561562 57059.371290733914
SVR 100 0.3 0.0001 linear -195.41887183167117 238.67849513218366 57104.41034000228
SVR 100 0.3 0.001 linear -195.41887183167117 238.67849513218366 57104.41034000228
SVR 100 0.3 0.01 linear -195.41887183167117 238.67849513218366 57104.41034000228
SVR 100 0.3 0.1 linear -195.41887183167117 238.67849513218366 57104.41034000228
SVR 100 0.3 0.2 linear -195.41887183167117 238.67849513218366 57104.41034000228
SVR 100 0.3 0.5 linear -195.41887183167117 238.67849513218366 57104.41034000228
SVR 100 0.3 0.6 linear -195.41887183167117 238.67849513218366 57104.41034000228
SVR 100 0.3 0.9 linear -195.41887183167117 238.67849513218366 57104.41034000228
SVR 100 0.4 0.0001 linear -194.24338435476034 237.9607899248713 56762.66354854033
SVR 100 0.4 0.001 linear -194.24338435476034 237.9607899248713 56762.66354854033
SVR 100 0.4 0.01 linear -194.24338435476034 237.9607899248713 56762.66354854033
SVR 100 0.4 0.1 linear -194.24338435476034 237.9607899248713 56762.66354854033
SVR 100 0.4 0.2 linear -194.24338435476034 237.9607899248713 56762.66354854033
SVR 100 0.4 0.5 linear