LR -8.463437880319553 61.42592155869943 4007.155770773839
Lasso 0.0001 -6.390815152803237 54.16441227625697 3129.533681609391
Lasso 0.001 -6.388905217415189 54.15756076825723 3128.724947118944
Lasso 0.01 -6.358096404736855 54.046169222212384 3115.6794014012066
Lasso 0.1 -5.567240898225324 51.10039323217692 2780.8030861715724
Lasso 1 -4.161180469367708 45.48811418446197 2185.427152730851
Lasso 10 -3.983426103376366 44.755654279867684 2110.1596397540134
Ridge 0.0001 -8.463091693216436 61.42475729425408 4007.0091828566815
Ridge 0.001 -8.46000263192773 61.41436744116588 4005.7011645734897
Ridge 0.01 -8.429525671311765 61.31176286965553 3992.7961368074293
Ridge 0.1 -8.162711399243394 60.40881888982229 3879.8174958986037
Ridge 1 -7.060632478212732 56.59001262330091 3413.158131288594
Ridge 10 -6.364186797869285 54.06683966524626 3118.258290204149
SVR 1 0.1 0.0001 linear -8.737752832669246 62.3420224372084 4123.310466162457
SVR 1 0.1 0.001 linear -8.737752832669246 62.3420224372084 4123.310466162457
SVR 1 0.1 0.01 linear -8.737752832669246 62.3420224372084 4123.310466162457
SVR 1 0.1 0.1 linear -8.737752832669246 62.3420224372084 4123.310466162457
SVR 1 0.1 0.2 linear -8.737752832669246 62.3420224372084 4123.310466162457
SVR 1 0.1 0.5 linear -8.737752832669246 62.3420224372084 4123.310466162457
SVR 1 0.1 0.6 linear -8.737752832669246 62.3420224372084 4123.310466162457
SVR 1 0.1 0.9 linear -8.737752832669246 62.3420224372084 4123.310466162457
SVR 1 0.2 0.0001 linear -8.782630976595907 62.492524413024434 4142.31346651937
SVR 1 0.2 0.001 linear -8.782630976595907 62.492524413024434 4142.31346651937
SVR 1 0.2 0.01 linear -8.782630976595907 62.492524413024434 4142.31346651937
SVR 1 0.2 0.1 linear -8.782630976595907 62.492524413024434 4142.31346651937
SVR 1 0.2 0.2 linear -8.782630976595907 62.492524413024434 4142.31346651937
SVR 1 0.2 0.5 linear -8.782630976595907 62.492524413024434 4142.31346651937
SVR 1 0.2 0.6 linear -8.782630976595907 62.492524413024434 4142.31346651937
SVR 1 0.2 0.9 linear -8.782630976595907 62.492524413024434 4142.31346651937
SVR 1 0.3 0.0001 linear -8.763083985433754 62.42616625272513 4134.036576088295
SVR 1 0.3 0.001 linear -8.763083985433754 62.42616625272513 4134.036576088295
SVR 1 0.3 0.01 linear -8.763083985433754 62.42616625272513 4134.036576088295
SVR 1 0.3 0.1 linear -8.763083985433754 62.42616625272513 4134.036576088295
SVR 1 0.3 0.2 linear -8.763083985433754 62.42616625272513 4134.036576088295
SVR 1 0.3 0.5 linear -8.763083985433754 62.42616625272513 4134.036576088295
SVR 1 0.3 0.6 linear -8.763083985433754 62.42616625272513 4134.036576088295
SVR 1 0.3 0.9 linear -8.763083985433754 62.42616625272513 4134.036576088295
SVR 1 0.4 0.0001 linear -8.753587360469663 62.391727542674985 4130.015367727338
SVR 1 0.4 0.001 linear -8.753587360469663 62.391727542674985 4130.015367727338
SVR 1 0.4 0.01 linear -8.753587360469663 62.391727542674985 4130.015367727338
SVR 1 0.4 0.1 linear -8.753587360469663 62.391727542674985 4130.015367727338
SVR 1 0.4 0.2 linear -8.753587360469663 62.391727542674985 4130.015367727338
SVR 1 0.4 0.5 linear -8.753587360469663 62.391727542674985 4130.015367727338
SVR 1 0.4 0.6 linear -8.753587360469663 62.391727542674985 4130.015367727338
SVR 1 0.4 0.9 linear -8.753587360469663 62.391727542674985 4130.015367727338
SVR 10 0.1 0.0001 linear -8.599883247146945 61.88520409049557 4064.931586073984
SVR 10 0.1 0.001 linear -8.599883247146945 61.88520409049557 4064.931586073984
SVR 10 0.1 0.01 linear -8.599883247146945 61.88520409049557 4064.931586073984
SVR 10 0.1 0.1 linear -8.599883247146945 61.88520409049557 4064.931586073984
SVR 10 0.1 0.2 linear -8.599883247146945 61.88520409049557 4064.931586073984
SVR 10 0.1 0.5 linear -8.599883247146945 61.88520409049557 4064.931586073984
SVR 10 0.1 0.6 linear -8.599883247146945 61.88520409049557 4064.931586073984
SVR 10 0.1 0.9 linear -8.599883247146945 61.88520409049557 4064.931586073984
SVR 10 0.2 0.0001 linear -8.519125166380363 61.61342709530872 4030.7357458864108
SVR 10 0.2 0.001 linear -8.519125166380363 61.61342709530872 4030.7357458864108
SVR 10 0.2 0.01 linear -8.519125166380363 61.61342709530872 4030.7357458864108
SVR 10 0.2 0.1 linear -8.519125166380363 61.61342709530872 4030.7357458864108
SVR 10 0.2 0.2 linear -8.519125166380363 61.61342709530872 4030.7357458864108
SVR 10 0.2 0.5 linear -8.519125166380363 61.61342709530872 4030.7357458864108
SVR 10 0.2 0.6 linear -8.519125166380363 61.61342709530872 4030.7357458864108
SVR 10 0.2 0.9 linear -8.519125166380363 61.61342709530872 4030.7357458864108
SVR 10 0.3 0.0001 linear -8.485356530425465 61.50112439027094 4016.4369058507787
SVR 10 0.3 0.001 linear -8.485356530425465 61.50112439027094 4016.4369058507787
SVR 10 0.3 0.01 linear -8.485356530425465 61.50112439027094 4016.4369058507787
SVR 10 0.3 0.1 linear -8.485356530425465 61.50112439027094 4016.4369058507787
SVR 10 0.3 0.2 linear -8.485356530425465 61.50112439027094 4016.4369058507787
SVR 10 0.3 0.5 linear -8.485356530425465 61.50112439027094 4016.4369058507787
SVR 10 0.3 0.6 linear -8.485356530425465 61.50112439027094 4016.4369058507787
SVR 10 0.3 0.9 linear -8.485356530425465 61.50112439027094 4016.4369058507787
SVR 10 0.4 0.0001 linear -8.423418368151985 61.29092769313247 3990.210087698207
SVR 10 0.4 0.001 linear -8.423418368151985 61.29092769313247 3990.210087698207
SVR 10 0.4 0.01 linear -8.423418368151985 61.29092769313247 3990.210087698207
SVR 10 0.4 0.1 linear -8.423418368151985 61.29092769313247 3990.210087698207
SVR 10 0.4 0.2 linear -8.423418368151985 61.29092769313247 3990.210087698207
SVR 10 0.4 0.5 linear -8.423418368151985 61.29092769313247 3990.210087698207
SVR 10 0.4 0.6 linear -8.423418368151985 61.29092769313247 3990.210087698207
SVR 10 0.4 0.9 linear -8.423418368151985 61.29092769313247 3990.210087698207
SVR 100 0.1 0.0001 linear -6.702560287077385 55.25376627346914 3261.5376456672325
SVR 100 0.1 0.001 linear -6.702560287077385 55.25376627346914 3261.5376456672325
SVR 100 0.1 0.01 linear -6.702560287077385 55.25376627346914 3261.5376456672325
SVR 100 0.1 0.1 linear -6.702560287077385 55.25376627346914 3261.5376456672325
SVR 100 0.1 0.2 linear -6.702560287077385 55.25376627346914 3261.5376456672325
SVR 100 0.1 0.5 linear -6.702560287077385 55.25376627346914 3261.5376456672325
SVR 100 0.1 0.6 linear -6.702560287077385 55.25376627346914 3261.5376456672325
SVR 100 0.1 0.9 linear -6.702560287077385 55.25376627346914 3261.5376456672325
SVR 100 0.2 0.0001 linear -6.701321773218049 55.24699208182496 3261.013214903129
SVR 100 0.2 0.001 linear -6.701321773218049 55.24699208182496 3261.013214903129
SVR 100 0.2 0.01 linear -6.701321773218049 55.24699208182496 3261.013214903129
SVR 100 0.2 0.1 linear -6.701321773218049 55.24699208182496 3261.013214903129
SVR 100 0.2 0.2 linear -6.701321773218049 55.24699208182496 3261.013214903129
SVR 100 0.2 0.5 linear -6.701321773218049 55.24699208182496 3261.013214903129
SVR 100 0.2 0.6 linear -6.701321773218049 55.24699208182496 3261.013214903129
SVR 100 0.2 0.9 linear -6.701321773218049 55.24699208182496 3261.013214903129
SVR 100 0.3 0.0001 linear -6.709809277887281 55.27773685175766 3264.6071258839906
SVR 100 0.3 0.001 linear -6.709809277887281 55.27773685175766 3264.6071258839906
SVR 100 0.3 0.01 linear -6.709809277887281 55.27773685175766 3264.6071258839906
SVR 100 0.3 0.1 linear -6.709809277887281 55.27773685175766 3264.6071258839906
SVR 100 0.3 0.2 linear -6.709809277887281 55.27773685175766 3264.6071258839906
SVR 100 0.3 0.5 linear -6.709809277887281 55.27773685175766 3264.6071258839906
SVR 100 0.3 0.6 linear -6.709809277887281 55.27773685175766 3264.6071258839906
SVR 100 0.3 0.9 linear -6.709809277887281 55.27773685175766 3264.6071258839906
SVR 100 0.4 0.0001 linear -6.725539541610272 55.33351559199564 3271.2678783346896
SVR 100 0.4 0.001 linear -6.725539541610272 55.33351559199564 3271.2678783346896
SVR 100 0.4 0.01 linear -6.725539541610272 55.33351559199564 3271.2678783346896
SVR 100 0.4 0.1 linear -6.725539541610272 55.33351559199564 3271.2678783346896
SVR 100 0.4 0.2 linear -6.725539541610272 55.33351559199564 3271.2678783346896
SVR 100 0.4 0.5 linear -6.725539541610272 55.33351559199564 3271.2678783346896