LR -3.955866788896621e+20 398978472469.80927 1.5918382149434234e+23
Lasso 0.0001 0.21634119904508187 14.702185602747607 315.34379022523257
Lasso 0.001 0.2151057922004208 14.725294561328688 315.8409171335132
Lasso 0.01 0.2014582047127872 14.965607164253926 321.3326974345021
Lasso 0.1 -0.1290344311889302 18.619084021248845 454.3227184995125
Lasso 1 -0.547924150437268 22.2049765982905 622.883668230687
Lasso 10 -0.008138535994328011 17.102392022717044 405.67428914877587
Ridge 0.0001 -0.3124346911757967 16.932887210499 528.1228634632116
Ridge 0.001 -0.31217611320694605 16.930757118888685 528.0188118572489
Ridge 0.01 -0.30960352095191723 16.909537951142102 526.9836024122502
Ridge 0.1 -0.2846342793284933 16.702425990684148 516.9359958735557
Ridge 1 -0.09484461850954329 15.141279595674682 440.5647601836347
Ridge 10 0.2435201401704148 13.872245980910405 304.4070020486343
SVR 1 0.1 0.0001 linear -0.33952538100419605 20.452727547201242 539.0241393755012
SVR 1 0.1 0.001 linear -0.33952538100419605 20.452727547201242 539.0241393755012
SVR 1 0.1 0.01 linear -0.33952538100419605 20.452727547201242 539.0241393755012
SVR 1 0.1 0.1 linear -0.33952538100419605 20.452727547201242 539.0241393755012
SVR 1 0.1 0.2 linear -0.33952538100419605 20.452727547201242 539.0241393755012
SVR 1 0.1 0.5 linear -0.33952538100419605 20.452727547201242 539.0241393755012
SVR 1 0.1 0.6 linear -0.33952538100419605 20.452727547201242 539.0241393755012
SVR 1 0.1 0.9 linear -0.33952538100419605 20.452727547201242 539.0241393755012
SVR 1 0.2 0.0001 linear -0.3254859337242417 20.330002405367665 533.3746749497417
SVR 1 0.2 0.001 linear -0.3254859337242417 20.330002405367665 533.3746749497417
SVR 1 0.2 0.01 linear -0.3254859337242417 20.330002405367665 533.3746749497417
SVR 1 0.2 0.1 linear -0.3254859337242417 20.330002405367665 533.3746749497417
SVR 1 0.2 0.2 linear -0.3254859337242417 20.330002405367665 533.3746749497417
SVR 1 0.2 0.5 linear -0.3254859337242417 20.330002405367665 533.3746749497417
SVR 1 0.2 0.6 linear -0.3254859337242417 20.330002405367665 533.3746749497417
SVR 1 0.2 0.9 linear -0.3254859337242417 20.330002405367665 533.3746749497417
SVR 1 0.3 0.0001 linear -0.3201040865594569 20.279184420642345 531.2090231618869
SVR 1 0.3 0.001 linear -0.3201040865594569 20.279184420642345 531.2090231618869
SVR 1 0.3 0.01 linear -0.3201040865594569 20.279184420642345 531.2090231618869
SVR 1 0.3 0.1 linear -0.3201040865594569 20.279184420642345 531.2090231618869
SVR 1 0.3 0.2 linear -0.3201040865594569 20.279184420642345 531.2090231618869
SVR 1 0.3 0.5 linear -0.3201040865594569 20.279184420642345 531.2090231618869
SVR 1 0.3 0.6 linear -0.3201040865594569 20.279184420642345 531.2090231618869
SVR 1 0.3 0.9 linear -0.3201040865594569 20.279184420642345 531.2090231618869
SVR 1 0.4 0.0001 linear -0.3355150125376243 20.405184851772233 537.4103697210196
SVR 1 0.4 0.001 linear -0.3355150125376243 20.405184851772233 537.4103697210196
SVR 1 0.4 0.01 linear -0.3355150125376243 20.405184851772233 537.4103697210196
SVR 1 0.4 0.1 linear -0.3355150125376243 20.405184851772233 537.4103697210196
SVR 1 0.4 0.2 linear -0.3355150125376243 20.405184851772233 537.4103697210196
SVR 1 0.4 0.5 linear -0.3355150125376243 20.405184851772233 537.4103697210196
SVR 1 0.4 0.6 linear -0.3355150125376243 20.405184851772233 537.4103697210196
SVR 1 0.4 0.9 linear -0.3355150125376243 20.405184851772233 537.4103697210196
SVR 10 0.1 0.0001 linear 0.1051493954007191 13.88245281498948 360.0872994673502
SVR 10 0.1 0.001 linear 0.1051493954007191 13.88245281498948 360.0872994673502
SVR 10 0.1 0.01 linear 0.1051493954007191 13.88245281498948 360.0872994673502
SVR 10 0.1 0.1 linear 0.1051493954007191 13.88245281498948 360.0872994673502
SVR 10 0.1 0.2 linear 0.1051493954007191 13.88245281498948 360.0872994673502
SVR 10 0.1 0.5 linear 0.1051493954007191 13.88245281498948 360.0872994673502
SVR 10 0.1 0.6 linear 0.1051493954007191 13.88245281498948 360.0872994673502
SVR 10 0.1 0.9 linear 0.1051493954007191 13.88245281498948 360.0872994673502
SVR 10 0.2 0.0001 linear 0.10642407148254163 13.870957466399208 359.57437064365604
SVR 10 0.2 0.001 linear 0.10642407148254163 13.870957466399208 359.57437064365604
SVR 10 0.2 0.01 linear 0.10642407148254163 13.870957466399208 359.57437064365604
SVR 10 0.2 0.1 linear 0.10642407148254163 13.870957466399208 359.57437064365604
SVR 10 0.2 0.2 linear 0.10642407148254163 13.870957466399208 359.57437064365604
SVR 10 0.2 0.5 linear 0.10642407148254163 13.870957466399208 359.57437064365604
SVR 10 0.2 0.6 linear 0.10642407148254163 13.870957466399208 359.57437064365604
SVR 10 0.2 0.9 linear 0.10642407148254163 13.870957466399208 359.57437064365604
SVR 10 0.3 0.0001 linear 0.11244496100459844 13.857193326571979 357.1515686281626
SVR 10 0.3 0.001 linear 0.11244496100459844 13.857193326571979 357.1515686281626
SVR 10 0.3 0.01 linear 0.11244496100459844 13.857193326571979 357.1515686281626
SVR 10 0.3 0.1 linear 0.11244496100459844 13.857193326571979 357.1515686281626
SVR 10 0.3 0.2 linear 0.11244496100459844 13.857193326571979 357.1515686281626
SVR 10 0.3 0.5 linear 0.11244496100459844 13.857193326571979 357.1515686281626
SVR 10 0.3 0.6 linear 0.11244496100459844 13.857193326571979 357.1515686281626
SVR 10 0.3 0.9 linear 0.11244496100459844 13.857193326571979 357.1515686281626
SVR 10 0.4 0.0001 linear 0.1200002165766797 13.834482206463568 354.1113387151988
SVR 10 0.4 0.001 linear 0.1200002165766797 13.834482206463568 354.1113387151988
SVR 10 0.4 0.01 linear 0.1200002165766797 13.834482206463568 354.1113387151988
SVR 10 0.4 0.1 linear 0.1200002165766797 13.834482206463568 354.1113387151988
SVR 10 0.4 0.2 linear 0.1200002165766797 13.834482206463568 354.1113387151988
SVR 10 0.4 0.5 linear 0.1200002165766797 13.834482206463568 354.1113387151988
SVR 10 0.4 0.6 linear 0.1200002165766797 13.834482206463568 354.1113387151988
SVR 10 0.4 0.9 linear 0.1200002165766797 13.834482206463568 354.1113387151988
SVR 100 0.1 0.0001 linear -0.16401371514515972 15.431711792801105 468.3983595421206
SVR 100 0.1 0.001 linear -0.16401371514515972 15.431711792801105 468.3983595421206
SVR 100 0.1 0.01 linear -0.16401371514515972 15.431711792801105 468.3983595421206
SVR 100 0.1 0.1 linear -0.16401371514515972 15.431711792801105 468.3983595421206
SVR 100 0.1 0.2 linear -0.16401371514515972 15.431711792801105 468.3983595421206
SVR 100 0.1 0.5 linear -0.16401371514515972 15.431711792801105 468.3983595421206
SVR 100 0.1 0.6 linear -0.16401371514515972 15.431711792801105 468.3983595421206
SVR 100 0.1 0.9 linear -0.16401371514515972 15.431711792801105 468.3983595421206
SVR 100 0.2 0.0001 linear -0.16852294388613065 15.4687220224456 470.21287024555124
SVR 100 0.2 0.001 linear -0.16852294388613065 15.4687220224456 470.21287024555124
SVR 100 0.2 0.01 linear -0.16852294388613065 15.4687220224456 470.21287024555124
SVR 100 0.2 0.1 linear -0.16852294388613065 15.4687220224456 470.21287024555124
SVR 100 0.2 0.2 linear -0.16852294388613065 15.4687220224456 470.21287024555124
SVR 100 0.2 0.5 linear -0.16852294388613065 15.4687220224456 470.21287024555124
SVR 100 0.2 0.6 linear -0.16852294388613065 15.4687220224456 470.21287024555124
SVR 100 0.2 0.9 linear -0.16852294388613065 15.4687220224456 470.21287024555124
SVR 100 0.3 0.0001 linear -0.16991885083985436 15.476680447262316 470.7745822930043
SVR 100 0.3 0.001 linear -0.16991885083985436 15.476680447262316 470.7745822930043
SVR 100 0.3 0.01 linear -0.16991885083985436 15.476680447262316 470.7745822930043
SVR 100 0.3 0.1 linear -0.16991885083985436 15.476680447262316 470.7745822930043
SVR 100 0.3 0.2 linear -0.16991885083985436 15.476680447262316 470.7745822930043
SVR 100 0.3 0.5 linear -0.16991885083985436 15.476680447262316 470.7745822930043
SVR 100 0.3 0.6 linear -0.16991885083985436 15.476680447262316 470.7745822930043
SVR 100 0.3 0.9 linear -0.16991885083985436 15.476680447262316 470.7745822930043
SVR 100 0.4 0.0001 linear -0.17654879634540732 15.515791877455055 473.44246803889297
SVR 100 0.4 0.001 linear -0.17654879634540732 15.515791877455055 473.44246803889297
SVR 100 0.4 0.01 linear -0.17654879634540732 15.515791877455055 473.44246803889297
SVR 100 0.4 0.1 linear -0.17654879634540732 15.515791877455055