LR -1.2849636420291572 18.19228184842262 451.9713206910702
Lasso 0.0001 -3.6509683441980147 27.94543984797711 919.9727585830501
Lasso 0.001 -3.642062294891163 27.914418323391445 918.2111205450011
Lasso 0.01 -3.783758727524827 28.41250629215151 946.2390167516021
Lasso 0.1 -5.716918786192878 34.4839358274983 1328.622739954965
Lasso 1 -3.1206398586294455 26.009752414506483 815.0725047612159
Lasso 10 -1.868439830135174 19.733775223970543 567.3843182895249
Ridge 0.0001 -1.285023721343928 18.192588722629218 451.9832045244686
Ridge 0.001 -1.2855736109334335 18.195397469472887 452.0919740118387
Ridge 0.01 -1.2910572009907333 18.22338044995074 453.1766413539087
Ridge 0.1 -1.3451991431825703 18.49717193643031 463.8860481326936
Ridge 1 -1.823143993179857 20.756215078926015 558.4246924670671
Ridge 10 -3.8529205595020004 28.65908129026339 959.9193939642465
SVR 1 0.1 0.0001 linear -6.482783309967171 36.48068021004799 1480.1125903463299
SVR 1 0.1 0.001 linear -6.482783309967171 36.48068021004799 1480.1125903463299
SVR 1 0.1 0.01 linear -6.482783309967171 36.48068021004799 1480.1125903463299
SVR 1 0.1 0.1 linear -6.482783309967171 36.48068021004799 1480.1125903463299
SVR 1 0.1 0.2 linear -6.482783309967171 36.48068021004799 1480.1125903463299
SVR 1 0.1 0.5 linear -6.482783309967171 36.48068021004799 1480.1125903463299
SVR 1 0.1 0.6 linear -6.482783309967171 36.48068021004799 1480.1125903463299
SVR 1 0.1 0.9 linear -6.482783309967171 36.48068021004799 1480.1125903463299
SVR 1 0.2 0.0001 linear -6.507261431364531 36.543176405440214 1484.9544218102985
SVR 1 0.2 0.001 linear -6.507261431364531 36.543176405440214 1484.9544218102985
SVR 1 0.2 0.01 linear -6.507261431364531 36.543176405440214 1484.9544218102985
SVR 1 0.2 0.1 linear -6.507261431364531 36.543176405440214 1484.9544218102985
SVR 1 0.2 0.2 linear -6.507261431364531 36.543176405440214 1484.9544218102985
SVR 1 0.2 0.5 linear -6.507261431364531 36.543176405440214 1484.9544218102985
SVR 1 0.2 0.6 linear -6.507261431364531 36.543176405440214 1484.9544218102985
SVR 1 0.2 0.9 linear -6.507261431364531 36.543176405440214 1484.9544218102985
SVR 1 0.3 0.0001 linear -6.513615868001503 36.561276844464594 1486.2113447066777
SVR 1 0.3 0.001 linear -6.513615868001503 36.561276844464594 1486.2113447066777
SVR 1 0.3 0.01 linear -6.513615868001503 36.561276844464594 1486.2113447066777
SVR 1 0.3 0.1 linear -6.513615868001503 36.561276844464594 1486.2113447066777
SVR 1 0.3 0.2 linear -6.513615868001503 36.561276844464594 1486.2113447066777
SVR 1 0.3 0.5 linear -6.513615868001503 36.561276844464594 1486.2113447066777
SVR 1 0.3 0.6 linear -6.513615868001503 36.561276844464594 1486.2113447066777
SVR 1 0.3 0.9 linear -6.513615868001503 36.561276844464594 1486.2113447066777
SVR 1 0.4 0.0001 linear -6.503249424488137 36.5310662786784 1484.1608371714922
SVR 1 0.4 0.001 linear -6.503249424488137 36.5310662786784 1484.1608371714922
SVR 1 0.4 0.01 linear -6.503249424488137 36.5310662786784 1484.1608371714922
SVR 1 0.4 0.1 linear -6.503249424488137 36.5310662786784 1484.1608371714922
SVR 1 0.4 0.2 linear -6.503249424488137 36.5310662786784 1484.1608371714922
SVR 1 0.4 0.5 linear -6.503249424488137 36.5310662786784 1484.1608371714922
SVR 1 0.4 0.6 linear -6.503249424488137 36.5310662786784 1484.1608371714922
SVR 1 0.4 0.9 linear -6.503249424488137 36.5310662786784 1484.1608371714922
SVR 10 0.1 0.0001 linear -2.369962010737139 22.932129052253572 666.5866154959866
SVR 10 0.1 0.001 linear -2.369962010737139 22.932129052253572 666.5866154959866
SVR 10 0.1 0.01 linear -2.369962010737139 22.932129052253572 666.5866154959866
SVR 10 0.1 0.1 linear -2.369962010737139 22.932129052253572 666.5866154959866
SVR 10 0.1 0.2 linear -2.369962010737139 22.932129052253572 666.5866154959866
SVR 10 0.1 0.5 linear -2.369962010737139 22.932129052253572 666.5866154959866
SVR 10 0.1 0.6 linear -2.369962010737139 22.932129052253572 666.5866154959866
SVR 10 0.1 0.9 linear -2.369962010737139 22.932129052253572 666.5866154959866
SVR 10 0.2 0.0001 linear -2.364185046022365 22.90344920267448 665.4439179389248
SVR 10 0.2 0.001 linear -2.364185046022365 22.90344920267448 665.4439179389248
SVR 10 0.2 0.01 linear -2.364185046022365 22.90344920267448 665.4439179389248
SVR 10 0.2 0.1 linear -2.364185046022365 22.90344920267448 665.4439179389248
SVR 10 0.2 0.2 linear -2.364185046022365 22.90344920267448 665.4439179389248
SVR 10 0.2 0.5 linear -2.364185046022365 22.90344920267448 665.4439179389248
SVR 10 0.2 0.6 linear -2.364185046022365 22.90344920267448 665.4439179389248
SVR 10 0.2 0.9 linear -2.364185046022365 22.90344920267448 665.4439179389248
SVR 10 0.3 0.0001 linear -2.3331258655225513 22.77629335518698 659.3003371081957
SVR 10 0.3 0.001 linear -2.3331258655225513 22.77629335518698 659.3003371081957
SVR 10 0.3 0.01 linear -2.3331258655225513 22.77629335518698 659.3003371081957
SVR 10 0.3 0.1 linear -2.3331258655225513 22.77629335518698 659.3003371081957
SVR 10 0.3 0.2 linear -2.3331258655225513 22.77629335518698 659.3003371081957
SVR 10 0.3 0.5 linear -2.3331258655225513 22.77629335518698 659.3003371081957
SVR 10 0.3 0.6 linear -2.3331258655225513 22.77629335518698 659.3003371081957
SVR 10 0.3 0.9 linear -2.3331258655225513 22.77629335518698 659.3003371081957
SVR 10 0.4 0.0001 linear -2.3247581835910425 22.740918314041043 657.6451894357591
SVR 10 0.4 0.001 linear -2.3247581835910425 22.740918314041043 657.6451894357591
SVR 10 0.4 0.01 linear -2.3247581835910425 22.740918314041043 657.6451894357591
SVR 10 0.4 0.1 linear -2.3247581835910425 22.740918314041043 657.6451894357591
SVR 10 0.4 0.2 linear -2.3247581835910425 22.740918314041043 657.6451894357591
SVR 10 0.4 0.5 linear -2.3247581835910425 22.740918314041043 657.6451894357591
SVR 10 0.4 0.6 linear -2.3247581835910425 22.740918314041043 657.6451894357591
SVR 10 0.4 0.9 linear -2.3247581835910425 22.740918314041043 657.6451894357591
SVR 100 0.1 0.0001 linear -0.92851947946257 16.0932392421547 381.4658054414813
SVR 100 0.1 0.001 linear -0.92851947946257 16.0932392421547 381.4658054414813
SVR 100 0.1 0.01 linear -0.92851947946257 16.0932392421547 381.4658054414813
SVR 100 0.1 0.1 linear -0.92851947946257 16.0932392421547 381.4658054414813
SVR 100 0.1 0.2 linear -0.92851947946257 16.0932392421547 381.4658054414813
SVR 100 0.1 0.5 linear -0.92851947946257 16.0932392421547 381.4658054414813
SVR 100 0.1 0.6 linear -0.92851947946257 16.0932392421547 381.4658054414813
SVR 100 0.1 0.9 linear -0.92851947946257 16.0932392421547 381.4658054414813
SVR 100 0.2 0.0001 linear -0.917300641079396 16.02810057757858 379.24669214471135
SVR 100 0.2 0.001 linear -0.917300641079396 16.02810057757858 379.24669214471135
SVR 100 0.2 0.01 linear -0.917300641079396 16.02810057757858 379.24669214471135
SVR 100 0.2 0.1 linear -0.917300641079396 16.02810057757858 379.24669214471135
SVR 100 0.2 0.2 linear -0.917300641079396 16.02810057757858 379.24669214471135
SVR 100 0.2 0.5 linear -0.917300641079396 16.02810057757858 379.24669214471135
SVR 100 0.2 0.6 linear -0.917300641079396 16.02810057757858 379.24669214471135
SVR 100 0.2 0.9 linear -0.917300641079396 16.02810057757858 379.24669214471135
SVR 100 0.3 0.0001 linear -0.900554645057156 15.927055153219627 375.93429373309465
SVR 100 0.3 0.001 linear -0.900554645057156 15.927055153219627 375.93429373309465
SVR 100 0.3 0.01 linear -0.900554645057156 15.927055153219627 375.93429373309465
SVR 100 0.3 0.1 linear -0.900554645057156 15.927055153219627 375.93429373309465
SVR 100 0.3 0.2 linear -0.900554645057156 15.927055153219627 375.93429373309465
SVR 100 0.3 0.5 linear -0.900554645057156 15.927055153219627 375.93429373309465
SVR 100 0.3 0.6 linear -0.900554645057156 15.927055153219627 375.93429373309465
SVR 100 0.3 0.9 linear -0.900554645057156 15.927055153219627 375.93429373309465
SVR 100 0.4 0.0001 linear -0.8835846904507623 15.830639124910553 372.57759577324964
SVR 100 0.4 0.001 linear -0.8835846904507623 15.830639124910553 372.57759577324964
SVR 100 0.4 0.01 linear -0.8835846904507623 15.830639124910553 372.57759577324964
SVR 100 0.4 0.1 linear -0.8835846904507623 15.830639124910553 372.57759577324964
SVR 100 0.4 0.2 linear -0.8835846904507623 15.830639124910553 372.57759577324964
SVR 100 0.4 