LR -0.5765598821509992 18.519862913126055 479.62456077376265
Lasso 0.0001 -0.7689712899535908 19.54882761033495 538.1603880518669
Lasso 0.001 -0.7678737470522639 19.54346272240221 537.8264911045077
Lasso 0.01 -0.7489232599429891 19.44709603804216 532.0613316842173
Lasso 0.1 -0.43294081193799805 17.73812465664336 435.9324471728095
Lasso 1 -0.0962580469189771 15.511157417455726 333.5060660879218
Lasso 10 -0.02978198030582102 14.184933349234155 313.28256895833505
Ridge 0.0001 -0.5765653545711509 18.519892815657585 479.62622560561675
Ridge 0.001 -0.5766247246856919 18.5202167013268 479.64428731417104
Ridge 0.01 -0.5772083073840892 18.523399798552543 479.8218261432145
Ridge 0.1 -0.5829454561758036 18.554601877491653 481.5671943340919
Ridge 1 -0.6316915647603116 18.82130103342878 496.3968441202936
Ridge 10 -0.7633829356734976 19.519358344056666 536.4602864589094
SVR 1 0.1 0.0001 linear -0.6090630946571394 18.8509934064243 489.51276051706975
SVR 1 0.1 0.001 linear -0.6090630946571394 18.8509934064243 489.51276051706975
SVR 1 0.1 0.01 linear -0.6090630946571394 18.8509934064243 489.51276051706975
SVR 1 0.1 0.1 linear -0.6090630946571394 18.8509934064243 489.51276051706975
SVR 1 0.1 0.2 linear -0.6090630946571394 18.8509934064243 489.51276051706975
SVR 1 0.1 0.5 linear -0.6090630946571394 18.8509934064243 489.51276051706975
SVR 1 0.1 0.6 linear -0.6090630946571394 18.8509934064243 489.51276051706975
SVR 1 0.1 0.9 linear -0.6090630946571394 18.8509934064243 489.51276051706975
SVR 1 0.2 0.0001 linear -0.6035805254447699 18.823429821705655 487.84484109316134
SVR 1 0.2 0.001 linear -0.6035805254447699 18.823429821705655 487.84484109316134
SVR 1 0.2 0.01 linear -0.6035805254447699 18.823429821705655 487.84484109316134
SVR 1 0.2 0.1 linear -0.6035805254447699 18.823429821705655 487.84484109316134
SVR 1 0.2 0.2 linear -0.6035805254447699 18.823429821705655 487.84484109316134
SVR 1 0.2 0.5 linear -0.6035805254447699 18.823429821705655 487.84484109316134
SVR 1 0.2 0.6 linear -0.6035805254447699 18.823429821705655 487.84484109316134
SVR 1 0.2 0.9 linear -0.6035805254447699 18.823429821705655 487.84484109316134
SVR 1 0.3 0.0001 linear -0.6000594478183481 18.807692689959374 486.7736510107911
SVR 1 0.3 0.001 linear -0.6000594478183481 18.807692689959374 486.7736510107911
SVR 1 0.3 0.01 linear -0.6000594478183481 18.807692689959374 486.7736510107911
SVR 1 0.3 0.1 linear -0.6000594478183481 18.807692689959374 486.7736510107911
SVR 1 0.3 0.2 linear -0.6000594478183481 18.807692689959374 486.7736510107911
SVR 1 0.3 0.5 linear -0.6000594478183481 18.807692689959374 486.7736510107911
SVR 1 0.3 0.6 linear -0.6000594478183481 18.807692689959374 486.7736510107911
SVR 1 0.3 0.9 linear -0.6000594478183481 18.807692689959374 486.7736510107911
SVR 1 0.4 0.0001 linear -0.6042237251499176 18.83469208665928 488.0405167408572
SVR 1 0.4 0.001 linear -0.6042237251499176 18.83469208665928 488.0405167408572
SVR 1 0.4 0.01 linear -0.6042237251499176 18.83469208665928 488.0405167408572
SVR 1 0.4 0.1 linear -0.6042237251499176 18.83469208665928 488.0405167408572
SVR 1 0.4 0.2 linear -0.6042237251499176 18.83469208665928 488.0405167408572
SVR 1 0.4 0.5 linear -0.6042237251499176 18.83469208665928 488.0405167408572
SVR 1 0.4 0.6 linear -0.6042237251499176 18.83469208665928 488.0405167408572
SVR 1 0.4 0.9 linear -0.6042237251499176 18.83469208665928 488.0405167408572
SVR 10 0.1 0.0001 linear -0.18601173900981105 16.018109016014648 360.81113431543275
SVR 10 0.1 0.001 linear -0.18601173900981105 16.018109016014648 360.81113431543275
SVR 10 0.1 0.01 linear -0.18601173900981105 16.018109016014648 360.81113431543275
SVR 10 0.1 0.1 linear -0.18601173900981105 16.018109016014648 360.81113431543275
SVR 10 0.1 0.2 linear -0.18601173900981105 16.018109016014648 360.81113431543275
SVR 10 0.1 0.5 linear -0.18601173900981105 16.018109016014648 360.81113431543275
SVR 10 0.1 0.6 linear -0.18601173900981105 16.018109016014648 360.81113431543275
SVR 10 0.1 0.9 linear -0.18601173900981105 16.018109016014648 360.81113431543275
SVR 10 0.2 0.0001 linear -0.18396611806193874 16.004241209585917 360.18881095192427
SVR 10 0.2 0.001 linear -0.18396611806193874 16.004241209585917 360.18881095192427
SVR 10 0.2 0.01 linear -0.18396611806193874 16.004241209585917 360.18881095192427
SVR 10 0.2 0.1 linear -0.18396611806193874 16.004241209585917 360.18881095192427
SVR 10 0.2 0.2 linear -0.18396611806193874 16.004241209585917 360.18881095192427
SVR 10 0.2 0.5 linear -0.18396611806193874 16.004241209585917 360.18881095192427
SVR 10 0.2 0.6 linear -0.18396611806193874 16.004241209585917 360.18881095192427
SVR 10 0.2 0.9 linear -0.18396611806193874 16.004241209585917 360.18881095192427
SVR 10 0.3 0.0001 linear -0.18251948455157296 16.00137726208223 359.748712881521
SVR 10 0.3 0.001 linear -0.18251948455157296 16.00137726208223 359.748712881521
SVR 10 0.3 0.01 linear -0.18251948455157296 16.00137726208223 359.748712881521
SVR 10 0.3 0.1 linear -0.18251948455157296 16.00137726208223 359.748712881521
SVR 10 0.3 0.2 linear -0.18251948455157296 16.00137726208223 359.748712881521
SVR 10 0.3 0.5 linear -0.18251948455157296 16.00137726208223 359.748712881521
SVR 10 0.3 0.6 linear -0.18251948455157296 16.00137726208223 359.748712881521
SVR 10 0.3 0.9 linear -0.18251948455157296 16.00137726208223 359.748712881521
SVR 10 0.4 0.0001 linear -0.1824402618005594 16.003403818327165 359.72461155965664
SVR 10 0.4 0.001 linear -0.1824402618005594 16.003403818327165 359.72461155965664
SVR 10 0.4 0.01 linear -0.1824402618005594 16.003403818327165 359.72461155965664
SVR 10 0.4 0.1 linear -0.1824402618005594 16.003403818327165 359.72461155965664
SVR 10 0.4 0.2 linear -0.1824402618005594 16.003403818327165 359.72461155965664
SVR 10 0.4 0.5 linear -0.1824402618005594 16.003403818327165 359.72461155965664
SVR 10 0.4 0.6 linear -0.1824402618005594 16.003403818327165 359.72461155965664
SVR 10 0.4 0.9 linear -0.1824402618005594 16.003403818327165 359.72461155965664
SVR 100 0.1 0.0001 linear -0.09653154201042735 15.339082009890193 333.58926937413736
SVR 100 0.1 0.001 linear -0.09653154201042735 15.339082009890193 333.58926937413736
SVR 100 0.1 0.01 linear -0.09653154201042735 15.339082009890193 333.58926937413736
SVR 100 0.1 0.1 linear -0.09653154201042735 15.339082009890193 333.58926937413736
SVR 100 0.1 0.2 linear -0.09653154201042735 15.339082009890193 333.58926937413736
SVR 100 0.1 0.5 linear -0.09653154201042735 15.339082009890193 333.58926937413736
SVR 100 0.1 0.6 linear -0.09653154201042735 15.339082009890193 333.58926937413736
SVR 100 0.1 0.9 linear -0.09653154201042735 15.339082009890193 333.58926937413736
SVR 100 0.2 0.0001 linear -0.09935483035766635 15.364823988193493 334.44817644694365
SVR 100 0.2 0.001 linear -0.09935483035766635 15.364823988193493 334.44817644694365
SVR 100 0.2 0.01 linear -0.09935483035766635 15.364823988193493 334.44817644694365
SVR 100 0.2 0.1 linear -0.09935483035766635 15.364823988193493 334.44817644694365
SVR 100 0.2 0.2 linear -0.09935483035766635 15.364823988193493 334.44817644694365
SVR 100 0.2 0.5 linear -0.09935483035766635 15.364823988193493 334.44817644694365
SVR 100 0.2 0.6 linear -0.09935483035766635 15.364823988193493 334.44817644694365
SVR 100 0.2 0.9 linear -0.09935483035766635 15.364823988193493 334.44817644694365
SVR 100 0.3 0.0001 linear -0.09912184539332403 15.353691905294331 334.3772972418753
SVR 100 0.3 0.001 linear -0.09912184539332403 15.353691905294331 334.3772972418753
SVR 100 0.3 0.01 linear -0.09912184539332403 15.353691905294331 334.3772972418753
SVR 100 0.3 0.1 linear -0.09912184539332403 15.353691905294331 334.3772972418753
SVR 100 0.3 0.2 linear -0.09912184539332403 15.353691905294331 334.3772972418753
SVR 100 0.3 0.5 linear -0.09912184539332403 15.353691905294331 334.3772972418753
SVR 100 0.3 0.6 linear -0.09912184539332403 15.353691905294331 334.3772972418753
SVR 100 0.3 0.9 linear -0.09912184539332403 15.353691905294331 334.3772972418753
SVR 100 0.4 0.0001 linear -0.0967209615600475 15.341733607554108 333.64689501165174
SVR 100 0.4 0.001 linear -0.0967209615600475 15.341733607554108 333.64689501165174
SVR 100 0.4 0.01 linear -0.0967209615600475 15.341733607554108 333.64689501165174
SVR