LR -8.287683794049268e+21 1010712483896.6924 1.0215397251046215e+24
Lasso 0.0001 -38.11016343358683 69.12102999963702 4820.7178984591455
Lasso 0.001 -38.25385725276493 69.2490718642891 4838.429595501429
Lasso 0.01 -39.01750048510658 69.92584555172613 4932.5562437942135
Lasso 0.1 -24.60862244621862 55.813842334361595 3156.518248536678
Lasso 1 -8.29502353925292 33.38140676401381 1145.7044002990551
Lasso 10 -3.6059535140567753 21.082451283185346 567.7297304673509
Ridge 0.0001 -59.94126123380392 86.4228368265037 7511.618540877321
Ridge 0.001 -59.89318647363799 86.38854748262877 7505.692846979632
Ridge 0.01 -59.41679422091681 86.04802193059928 7446.972748218602
Ridge 0.1 -54.879275886936874 82.73437778652476 6887.678336566548
Ridge 1 -25.45236934873568 56.72615438848939 3260.5184734817985
Ridge 10 -1.1333046110541218 14.96348127286982 262.95108019268304
SVR 1 0.1 0.0001 linear -10.567638149273996 37.163641018426645 1425.8268279496622
SVR 1 0.1 0.001 linear -10.567638149273996 37.163641018426645 1425.8268279496622
SVR 1 0.1 0.01 linear -10.567638149273996 37.163641018426645 1425.8268279496622
SVR 1 0.1 0.1 linear -10.567638149273996 37.163641018426645 1425.8268279496622
SVR 1 0.1 0.2 linear -10.567638149273996 37.163641018426645 1425.8268279496622
SVR 1 0.1 0.5 linear -10.567638149273996 37.163641018426645 1425.8268279496622
SVR 1 0.1 0.6 linear -10.567638149273996 37.163641018426645 1425.8268279496622
SVR 1 0.1 0.9 linear -10.567638149273996 37.163641018426645 1425.8268279496622
SVR 1 0.2 0.0001 linear -10.546252345148327 37.12788455769533 1423.1908141959325
SVR 1 0.2 0.001 linear -10.546252345148327 37.12788455769533 1423.1908141959325
SVR 1 0.2 0.01 linear -10.546252345148327 37.12788455769533 1423.1908141959325
SVR 1 0.2 0.1 linear -10.546252345148327 37.12788455769533 1423.1908141959325
SVR 1 0.2 0.2 linear -10.546252345148327 37.12788455769533 1423.1908141959325
SVR 1 0.2 0.5 linear -10.546252345148327 37.12788455769533 1423.1908141959325
SVR 1 0.2 0.6 linear -10.546252345148327 37.12788455769533 1423.1908141959325
SVR 1 0.2 0.9 linear -10.546252345148327 37.12788455769533 1423.1908141959325
SVR 1 0.3 0.0001 linear -10.620078940631005 37.25279049323734 1432.2906787574805
SVR 1 0.3 0.001 linear -10.620078940631005 37.25279049323734 1432.2906787574805
SVR 1 0.3 0.01 linear -10.620078940631005 37.25279049323734 1432.2906787574805
SVR 1 0.3 0.1 linear -10.620078940631005 37.25279049323734 1432.2906787574805
SVR 1 0.3 0.2 linear -10.620078940631005 37.25279049323734 1432.2906787574805
SVR 1 0.3 0.5 linear -10.620078940631005 37.25279049323734 1432.2906787574805
SVR 1 0.3 0.6 linear -10.620078940631005 37.25279049323734 1432.2906787574805
SVR 1 0.3 0.9 linear -10.620078940631005 37.25279049323734 1432.2906787574805
SVR 1 0.4 0.0001 linear -10.616511795419903 37.249973648893935 1431.850992515955
SVR 1 0.4 0.001 linear -10.616511795419903 37.249973648893935 1431.850992515955
SVR 1 0.4 0.01 linear -10.616511795419903 37.249973648893935 1431.850992515955
SVR 1 0.4 0.1 linear -10.616511795419903 37.249973648893935 1431.850992515955
SVR 1 0.4 0.2 linear -10.616511795419903 37.249973648893935 1431.850992515955
SVR 1 0.4 0.5 linear -10.616511795419903 37.249973648893935 1431.850992515955
SVR 1 0.4 0.6 linear -10.616511795419903 37.249973648893935 1431.850992515955
SVR 1 0.4 0.9 linear -10.616511795419903 37.249973648893935 1431.850992515955
SVR 10 0.1 0.0001 linear -3.3212799697747215 22.35640858107074 532.6408755596321
SVR 10 0.1 0.001 linear -3.3212799697747215 22.35640858107074 532.6408755596321
SVR 10 0.1 0.01 linear -3.3212799697747215 22.35640858107074 532.6408755596321
SVR 10 0.1 0.1 linear -3.3212799697747215 22.35640858107074 532.6408755596321
SVR 10 0.1 0.2 linear -3.3212799697747215 22.35640858107074 532.6408755596321
SVR 10 0.1 0.5 linear -3.3212799697747215 22.35640858107074 532.6408755596321
SVR 10 0.1 0.6 linear -3.3212799697747215 22.35640858107074 532.6408755596321
SVR 10 0.1 0.9 linear -3.3212799697747215 22.35640858107074 532.6408755596321
SVR 10 0.2 0.0001 linear -3.233475281200972 22.116313721957983 521.8180715461721
SVR 10 0.2 0.001 linear -3.233475281200972 22.116313721957983 521.8180715461721
SVR 10 0.2 0.01 linear -3.233475281200972 22.116313721957983 521.8180715461721
SVR 10 0.2 0.1 linear -3.233475281200972 22.116313721957983 521.8180715461721
SVR 10 0.2 0.2 linear -3.233475281200972 22.116313721957983 521.8180715461721
SVR 10 0.2 0.5 linear -3.233475281200972 22.116313721957983 521.8180715461721
SVR 10 0.2 0.6 linear -3.233475281200972 22.116313721957983 521.8180715461721
SVR 10 0.2 0.9 linear -3.233475281200972 22.116313721957983 521.8180715461721
SVR 10 0.3 0.0001 linear -3.2840036757507844 22.253704591135453 528.0462003649205
SVR 10 0.3 0.001 linear -3.2840036757507844 22.253704591135453 528.0462003649205
SVR 10 0.3 0.01 linear -3.2840036757507844 22.253704591135453 528.0462003649205
SVR 10 0.3 0.1 linear -3.2840036757507844 22.253704591135453 528.0462003649205
SVR 10 0.3 0.2 linear -3.2840036757507844 22.253704591135453 528.0462003649205
SVR 10 0.3 0.5 linear -3.2840036757507844 22.253704591135453 528.0462003649205
SVR 10 0.3 0.6 linear -3.2840036757507844 22.253704591135453 528.0462003649205
SVR 10 0.3 0.9 linear -3.2840036757507844 22.253704591135453 528.0462003649205
SVR 10 0.4 0.0001 linear -3.3286801225838687 22.374452463025825 533.5530182347443
SVR 10 0.4 0.001 linear -3.3286801225838687 22.374452463025825 533.5530182347443
SVR 10 0.4 0.01 linear -3.3286801225838687 22.374452463025825 533.5530182347443
SVR 10 0.4 0.1 linear -3.3286801225838687 22.374452463025825 533.5530182347443
SVR 10 0.4 0.2 linear -3.3286801225838687 22.374452463025825 533.5530182347443
SVR 10 0.4 0.5 linear -3.3286801225838687 22.374452463025825 533.5530182347443
SVR 10 0.4 0.6 linear -3.3286801225838687 22.374452463025825 533.5530182347443
SVR 10 0.4 0.9 linear -3.3286801225838687 22.374452463025825 533.5530182347443
SVR 100 0.1 0.0001 linear -12.849806702175934 40.94352004914962 1707.1268743930123
SVR 100 0.1 0.001 linear -12.849806702175934 40.94352004914962 1707.1268743930123
SVR 100 0.1 0.01 linear -12.849806702175934 40.94352004914962 1707.1268743930123
SVR 100 0.1 0.1 linear -12.849806702175934 40.94352004914962 1707.1268743930123
SVR 100 0.1 0.2 linear -12.849806702175934 40.94352004914962 1707.1268743930123
SVR 100 0.1 0.5 linear -12.849806702175934 40.94352004914962 1707.1268743930123
SVR 100 0.1 0.6 linear -12.849806702175934 40.94352004914962 1707.1268743930123
SVR 100 0.1 0.9 linear -12.849806702175934 40.94352004914962 1707.1268743930123
SVR 100 0.2 0.0001 linear -13.050694547296754 41.24498851946387 1731.8883058352844
SVR 100 0.2 0.001 linear -13.050694547296754 41.24498851946387 1731.8883058352844
SVR 100 0.2 0.01 linear -13.050694547296754 41.24498851946387 1731.8883058352844
SVR 100 0.2 0.1 linear -13.050694547296754 41.24498851946387 1731.8883058352844
SVR 100 0.2 0.2 linear -13.050694547296754 41.24498851946387 1731.8883058352844
SVR 100 0.2 0.5 linear -13.050694547296754 41.24498851946387 1731.8883058352844
SVR 100 0.2 0.6 linear -13.050694547296754 41.24498851946387 1731.8883058352844
SVR 100 0.2 0.9 linear -13.050694547296754 41.24498851946387 1731.8883058352844
SVR 100 0.3 0.0001 linear -13.640289499980272 42.11569716559516 1804.561766943906
SVR 100 0.3 0.001 linear -13.640289499980272 42.11569716559516 1804.561766943906
SVR 100 0.3 0.01 linear -13.640289499980272 42.11569716559516 1804.561766943906
SVR 100 0.3 0.1 linear -13.640289499980272 42.11569716559516 1804.561766943906
SVR 100 0.3 0.2 linear -13.640289499980272 42.11569716559516 1804.561766943906
SVR 100 0.3 0.5 linear -13.640289499980272 42.11569716559516 1804.561766943906
SVR 100 0.3 0.6 linear -13.640289499980272 42.11569716559516 1804.561766943906
SVR 100 0.3 0.9 linear -13.640289499980272 42.11569716559516 1804.561766943906
SVR 100 0.4 0.0001 linear -14.011741469203537 42.653464343323584 1850.3469286319473
SVR 100 0.4 0.001 linear -14.011741469203537 42.653464343323584 1850.3469286319473
SVR 100 0.4 0.01 linear -14.011741469203537 42.653464343323584 1850.3469286319473
SVR 100 0.4 0.1 linear -14.011741469203537 42.653464343323584 1850.3469286319473
SVR 100 