LR -212.2209339810684 336.45056978161796 113485.32021134479
Lasso 0.0001 -37.041890894021435 141.29584275252495 20247.524897983898
Lasso 0.001 -36.170466249104585 139.64495220158682 19783.71535066606
Lasso 0.01 -27.94246001808146 122.96938332345825 15404.417762974663
Lasso 0.1 -39.09866771457932 145.1200618789187 21342.22968013727
Lasso 1 -10.492922824414405 76.27240820774841 6117.026140635642
Lasso 10 -2.185896248328818 39.61751508522613 1695.6705383056792
Ridge 0.0001 -212.20058872289871 336.43447700535194 113474.49159290164
Ridge 0.001 -212.02076808001212 336.29220825603994 113378.78333922516
Ridge 0.01 -210.23378468344714 334.8751153568572 112427.67418129634
Ridge 0.1 -193.66546371916328 321.4389532895492 103609.3036072183
Ridge 1 -100.46240805856378 231.76858945650207 54002.64248426281
Ridge 10 -0.034511861476490324 16.613638590713755 550.6115542694218
SVR 1 0.1 0.0001 linear -1.8396984447039397 37.52753498413943 1511.409228371065
SVR 1 0.1 0.001 linear -1.8396984447039397 37.52753498413943 1511.409228371065
SVR 1 0.1 0.01 linear -1.8396984447039397 37.52753498413943 1511.409228371065
SVR 1 0.1 0.1 linear -1.8396984447039397 37.52753498413943 1511.409228371065
SVR 1 0.1 0.2 linear -1.8396984447039397 37.52753498413943 1511.409228371065
SVR 1 0.1 0.5 linear -1.8396984447039397 37.52753498413943 1511.409228371065
SVR 1 0.1 0.6 linear -1.8396984447039397 37.52753498413943 1511.409228371065
SVR 1 0.1 0.9 linear -1.8396984447039397 37.52753498413943 1511.409228371065
SVR 1 0.2 0.0001 linear -1.9041838091097611 37.943615496459074 1545.7311033009892
SVR 1 0.2 0.001 linear -1.9041838091097611 37.943615496459074 1545.7311033009892
SVR 1 0.2 0.01 linear -1.9041838091097611 37.943615496459074 1545.7311033009892
SVR 1 0.2 0.1 linear -1.9041838091097611 37.943615496459074 1545.7311033009892
SVR 1 0.2 0.2 linear -1.9041838091097611 37.943615496459074 1545.7311033009892
SVR 1 0.2 0.5 linear -1.9041838091097611 37.943615496459074 1545.7311033009892
SVR 1 0.2 0.6 linear -1.9041838091097611 37.943615496459074 1545.7311033009892
SVR 1 0.2 0.9 linear -1.9041838091097611 37.943615496459074 1545.7311033009892
SVR 1 0.3 0.0001 linear -1.9596455374975061 38.30118050564992 1575.2502123680038
SVR 1 0.3 0.001 linear -1.9596455374975061 38.30118050564992 1575.2502123680038
SVR 1 0.3 0.01 linear -1.9596455374975061 38.30118050564992 1575.2502123680038
SVR 1 0.3 0.1 linear -1.9596455374975061 38.30118050564992 1575.2502123680038
SVR 1 0.3 0.2 linear -1.9596455374975061 38.30118050564992 1575.2502123680038
SVR 1 0.3 0.5 linear -1.9596455374975061 38.30118050564992 1575.2502123680038
SVR 1 0.3 0.6 linear -1.9596455374975061 38.30118050564992 1575.2502123680038
SVR 1 0.3 0.9 linear -1.9596455374975061 38.30118050564992 1575.2502123680038
SVR 1 0.4 0.0001 linear -1.9969236134307007 38.537019292091024 1595.0912022049445
SVR 1 0.4 0.001 linear -1.9969236134307007 38.537019292091024 1595.0912022049445
SVR 1 0.4 0.01 linear -1.9969236134307007 38.537019292091024 1595.0912022049445
SVR 1 0.4 0.1 linear -1.9969236134307007 38.537019292091024 1595.0912022049445
SVR 1 0.4 0.2 linear -1.9969236134307007 38.537019292091024 1595.0912022049445
SVR 1 0.4 0.5 linear -1.9969236134307007 38.537019292091024 1595.0912022049445
SVR 1 0.4 0.6 linear -1.9969236134307007 38.537019292091024 1595.0912022049445
SVR 1 0.4 0.9 linear -1.9969236134307007 38.537019292091024 1595.0912022049445
SVR 10 0.1 0.0001 linear -57.160003225563976 175.19717797931227 30955.246590055765
SVR 10 0.1 0.001 linear -57.160003225563976 175.19717797931227 30955.246590055765
SVR 10 0.1 0.01 linear -57.160003225563976 175.19717797931227 30955.246590055765
SVR 10 0.1 0.1 linear -57.160003225563976 175.19717797931227 30955.246590055765
SVR 10 0.1 0.2 linear -57.160003225563976 175.19717797931227 30955.246590055765
SVR 10 0.1 0.5 linear -57.160003225563976 175.19717797931227 30955.246590055765
SVR 10 0.1 0.6 linear -57.160003225563976 175.19717797931227 30955.246590055765
SVR 10 0.1 0.9 linear -57.160003225563976 175.19717797931227 30955.246590055765
SVR 10 0.2 0.0001 linear -56.98713250156772 174.93659144482865 30863.237381102466
SVR 10 0.2 0.001 linear -56.98713250156772 174.93659144482865 30863.237381102466
SVR 10 0.2 0.01 linear -56.98713250156772 174.93659144482865 30863.237381102466
SVR 10 0.2 0.1 linear -56.98713250156772 174.93659144482865 30863.237381102466
SVR 10 0.2 0.2 linear -56.98713250156772 174.93659144482865 30863.237381102466
SVR 10 0.2 0.5 linear -56.98713250156772 174.93659144482865 30863.237381102466
SVR 10 0.2 0.6 linear -56.98713250156772 174.93659144482865 30863.237381102466
SVR 10 0.2 0.9 linear -56.98713250156772 174.93659144482865 30863.237381102466
SVR 10 0.3 0.0001 linear -57.442338781111175 175.62920423301398 31105.51767427851
SVR 10 0.3 0.001 linear -57.442338781111175 175.62920423301398 31105.51767427851
SVR 10 0.3 0.01 linear -57.442338781111175 175.62920423301398 31105.51767427851
SVR 10 0.3 0.1 linear -57.442338781111175 175.62920423301398 31105.51767427851
SVR 10 0.3 0.2 linear -57.442338781111175 175.62920423301398 31105.51767427851
SVR 10 0.3 0.5 linear -57.442338781111175 175.62920423301398 31105.51767427851
SVR 10 0.3 0.6 linear -57.442338781111175 175.62920423301398 31105.51767427851
SVR 10 0.3 0.9 linear -57.442338781111175 175.62920423301398 31105.51767427851
SVR 10 0.4 0.0001 linear -56.873775642831355 174.76557846893922 30802.904002143576
SVR 10 0.4 0.001 linear -56.873775642831355 174.76557846893922 30802.904002143576
SVR 10 0.4 0.01 linear -56.873775642831355 174.76557846893922 30802.904002143576
SVR 10 0.4 0.1 linear -56.873775642831355 174.76557846893922 30802.904002143576
SVR 10 0.4 0.2 linear -56.873775642831355 174.76557846893922 30802.904002143576
SVR 10 0.4 0.5 linear -56.873775642831355 174.76557846893922 30802.904002143576
SVR 10 0.4 0.6 linear -56.873775642831355 174.76557846893922 30802.904002143576
SVR 10 0.4 0.9 linear -56.873775642831355 174.76557846893922 30802.904002143576
SVR 100 0.1 0.0001 linear -91.95566584174217 221.84514843059574 49474.98965765489
SVR 100 0.1 0.001 linear -91.95566584174217 221.84514843059574 49474.98965765489
SVR 100 0.1 0.01 linear -91.95566584174217 221.84514843059574 49474.98965765489
SVR 100 0.1 0.1 linear -91.95566584174217 221.84514843059574 49474.98965765489
SVR 100 0.1 0.2 linear -91.95566584174217 221.84514843059574 49474.98965765489
SVR 100 0.1 0.5 linear -91.95566584174217 221.84514843059574 49474.98965765489
SVR 100 0.1 0.6 linear -91.95566584174217 221.84514843059574 49474.98965765489
SVR 100 0.1 0.9 linear -91.95566584174217 221.84514843059574 49474.98965765489
SVR 100 0.2 0.0001 linear -89.61337640781638 219.0176325359788 48228.32282493048
SVR 100 0.2 0.001 linear -89.61337640781638 219.0176325359788 48228.32282493048
SVR 100 0.2 0.01 linear -89.61337640781638 219.0176325359788 48228.32282493048
SVR 100 0.2 0.1 linear -89.61337640781638 219.0176325359788 48228.32282493048
SVR 100 0.2 0.2 linear -89.61337640781638 219.0176325359788 48228.32282493048
SVR 100 0.2 0.5 linear -89.61337640781638 219.0176325359788 48228.32282493048
SVR 100 0.2 0.6 linear -89.61337640781638 219.0176325359788 48228.32282493048
SVR 100 0.2 0.9 linear -89.61337640781638 219.0176325359788 48228.32282493048
SVR 100 0.3 0.0001 linear -92.94487026355749 223.02849342567262 50001.48665055408
SVR 100 0.3 0.001 linear -92.94487026355749 223.02849342567262 50001.48665055408
SVR 100 0.3 0.01 linear -92.94487026355749 223.02849342567262 50001.48665055408
SVR 100 0.3 0.1 linear -92.94487026355749 223.02849342567262 50001.48665055408
SVR 100 0.3 0.2 linear -92.94487026355749 223.02849342567262 50001.48665055408
SVR 100 0.3 0.5 linear -92.94487026355749 223.02849342567262 50001.48665055408
SVR 100 0.3 0.6 linear -92.94487026355749 223.02849342567262 50001.48665055408
SVR 100 0.3 0.9 linear -92.94487026355749 223.02849342567262 50001.48665055408
SVR 100 0.4 0.0001 linear -95.08745281064286 225.57238724866477 51141.860918198974
SVR 100 0.4 0.001 linear -95.08745281064286 225.57238724866477 51141.860918198974
SVR 100 0.4 0.01 linear -95.08745281064286 225.57238724866477 51141.860918198974
SVR 100 0.4 0.1 linear -95.08745281064286 225.57238724866477 51141.860918198974